#Layer_Color=9474304
#
#Feature symbol names
#
$0 r5
$1 r6.6666

#
#Feature attribute names
#

#
#Layer features
#
A 3.955354 2.41004 3.955354 2.41004 3.935354 2.41004 1 P 0 N
A 4.034094 2.41004 4.034094 2.41004 4.014094 2.41004 1 P 0 N
L 0.755 1.575 0.775 1.535 0 P 0
L 0.755 1.575 0.795 1.575 0 P 0
L 0.775 1.535 0.795 1.575 0 P 0
L 0.85 2.255 0.87 2.215 0 P 0
L 0.85 2.255 0.89 2.255 0 P 0
L 0.87 2.215 0.89 2.255 0 P 0
L 0.91374 0.94726 0.93374 0.90726 0 P 0
L 0.91374 0.94726 0.95374 0.94726 0 P 0
L 0.915 2.22 0.935 2.18 0 P 0
L 0.915 2.22 0.955 2.22 0 P 0
L 0.932 0.993 0.952 0.953 0 P 0
L 0.932 0.993 0.972 0.993 0 P 0
L 0.93374 0.90726 0.95374 0.94726 0 P 0
L 0.935 2.18 0.955 2.22 0 P 0
L 0.936394 1.348 0.956394 1.308 0 P 0
L 0.936394 1.348 0.976394 1.348 0 P 0
L 0.944 1.618 0.964 1.578 0 P 0
L 0.944 1.618 0.984 1.618 0 P 0
L 0.952 0.953 0.972 0.993 0 P 0
L 0.956394 1.308 0.976394 1.348 0 P 0
L 0.964 1.578 0.984 1.618 0 P 0
L 0.991534 1.546534 1.011534 1.506534 0 P 0
L 0.991534 1.546534 1.031534 1.546534 0 P 0
L 1.005 2.17 1.025 2.13 0 P 0
L 1.005 2.17 1.045 2.17 0 P 0
L 1.01 2.2 1.03 2.16 0 P 0
L 1.01 2.2 1.05 2.2 0 P 0
L 1.011534 1.506534 1.031534 1.546534 0 P 0
L 1.025 2.13 1.045 2.17 0 P 0
L 1.03 2.16 1.05 2.2 0 P 0
L 1.034764 1.309 1.054764 1.269 0 P 0
L 1.034764 1.309 1.074764 1.309 0 P 0
L 1.054764 1.269 1.074764 1.309 0 P 0
L 1.079094 1.179906 1.099094 1.139906 0 P 0
L 1.079094 1.179906 1.119094 1.179906 0 P 0
L 1.084 1.266442 1.104 1.226442 0 P 0
L 1.084 1.266442 1.124 1.266442 0 P 0
L 1.099094 1.139906 1.119094 1.179906 0 P 0
L 1.104 1.226442 1.124 1.266442 0 P 0
L 1.21 2.155 1.23 2.115 0 P 0
L 1.21 2.155 1.25 2.155 0 P 0
L 1.225 0.581496 1.245 0.541496 0 P 0
L 1.225 0.581496 1.265 0.581496 0 P 0
L 1.23 2.115 1.25 2.155 0 P 0
L 1.237 1.167 1.257 1.127 0 P 0
L 1.237 1.167 1.277 1.167 0 P 0
L 1.237 1.324 1.257 1.284 0 P 0
L 1.237 1.324 1.277 1.324 0 P 0
L 1.245 0.541496 1.265 0.581496 0 P 0
L 1.255 2.14 1.275 2.1 0 P 0
L 1.255 2.14 1.295 2.14 0 P 0
L 1.257 1.127 1.277 1.167 0 P 0
L 1.257 1.284 1.277 1.324 0 P 0
L 1.275 2.1 1.295 2.14 0 P 0
L 1.343174 0.823174 1.363174 0.783174 0 P 0
L 1.343174 0.823174 1.383174 0.823174 0 P 0
L 1.355452 0.890452 1.375452 0.850452 0 P 0
L 1.355452 0.890452 1.395452 0.890452 0 P 0
L 1.363174 0.783174 1.383174 0.823174 0 P 0
L 1.375452 0.850452 1.395452 0.890452 0 P 0
L 1.387 1.618 1.407 1.578 0 P 0
L 1.387 1.618 1.427 1.618 0 P 0
L 1.402796 1.002796 1.422796 0.962796 0 P 0
L 1.402796 1.002796 1.442796 1.002796 0 P 0
L 1.407 1.578 1.427 1.618 0 P 0
L 1.42 1.65 1.44 1.61 0 P 0
L 1.42 1.65 1.46 1.65 0 P 0
L 1.422796 0.962796 1.442796 1.002796 0 P 0
L 1.428 0.976 1.448 0.936 0 P 0
L 1.428 0.976 1.468 0.976 0 P 0
L 1.44 1.61 1.46 1.65 0 P 0
L 1.445 1.65 1.465 1.61 0 P 0
L 1.445 1.65 1.485 1.65 0 P 0
L 1.448 0.936 1.468 0.976 0 P 0
L 1.465 1.61 1.485 1.65 0 P 0
L 1.467176 1.499176 1.487176 1.459176 0 P 0
L 1.467176 1.499176 1.507176 1.499176 0 P 0
L 1.487176 1.459176 1.507176 1.499176 0 P 0
L 1.491 0.909 1.511 0.869 0 P 0
L 1.491 0.909 1.531 0.909 0 P 0
L 1.497 0.47 1.517 0.43 0 P 0
L 1.497 0.47 1.537 0.47 0 P 0
L 1.511 0.869 1.531 0.909 0 P 0
L 1.517 0.43 1.537 0.47 0 P 0
L 1.5257 0.5 1.5457 0.46 0 P 0
L 1.5257 0.5 1.5657 0.5 0 P 0
L 1.53 0.54 1.55 0.5 0 P 0
L 1.53 0.54 1.57 0.54 0 P 0
L 1.53 2.015 1.55 1.975 0 P 0
L 1.53 2.015 1.57 2.015 0 P 0
L 1.5457 0.46 1.5657 0.5 0 P 0
L 1.55 0.5 1.57 0.54 0 P 0
L 1.55 1.975 1.57 2.015 0 P 0
L 1.555 2.105 1.575 2.065 0 P 0
L 1.555 2.105 1.595 2.105 0 P 0
L 1.575 2.065 1.595 2.105 0 P 0
L 1.579764 2.234764 1.599764 2.194764 0 P 0
L 1.579764 2.234764 1.619764 2.234764 0 P 0
L 1.595 2.095 1.615 2.055 0 P 0
L 1.595 2.095 1.635 2.095 0 P 0
L 1.599764 2.194764 1.619764 2.234764 0 P 0
L 1.607402 1.291 1.627402 1.251 0 P 0
L 1.607402 1.291 1.647402 1.291 0 P 0
L 1.615 2.055 1.635 2.095 0 P 0
L 1.627402 1.251 1.647402 1.291 0 P 0
L 1.637 2.305 1.657 2.265 0 P 0
L 1.637 2.305 1.677 2.305 0 P 0
L 1.645 2.425 1.665 2.385 0 P 0
L 1.645 2.425 1.685 2.425 0 P 0
L 1.657 2.265 1.677 2.305 0 P 0
L 1.665 2.385 1.685 2.425 0 P 0
L 1.67 2.405 1.69 2.365 0 P 0
L 1.67 2.405 1.71 2.405 0 P 0
L 1.676 0.787 1.696 0.747 0 P 0
L 1.676 0.787 1.716 0.787 0 P 0
L 1.687 2.128 1.707 2.088 0 P 0
L 1.687 2.128 1.727 2.128 0 P 0
L 1.69 2.365 1.71 2.405 0 P 0
L 1.696 0.747 1.716 0.787 0 P 0
L 1.707 2.088 1.727 2.128 0 P 0
L 1.748 1.588 1.768 1.548 0 P 0
L 1.748 1.588 1.788 1.588 0 P 0
L 1.768 1.548 1.788 1.588 0 P 0
L 1.779646 1.542 1.799646 1.502 0 P 0
L 1.779646 1.542 1.819646 1.542 0 P 0
L 1.799646 1.502 1.819646 1.542 0 P 0
L 1.82246 0.72246 1.84246 0.68246 0 P 0
L 1.82246 0.72246 1.86246 0.72246 0 P 0
L 1.828 2.298 1.848 2.258 0 P 0
L 1.828 2.298 1.868 2.298 0 P 0
L 1.834 1.674 1.854 1.634 0 P 0
L 1.834 1.674 1.874 1.674 0 P 0
L 1.84246 0.68246 1.86246 0.72246 0 P 0
L 1.848 2.258 1.868 2.298 0 P 0
L 1.854 1.634 1.874 1.674 0 P 0
L 1.865768 0.699606 1.885768 0.659606 0 P 0
L 1.865768 0.699606 1.905768 0.699606 0 P 0
L 1.865768 0.72246 1.885768 0.68246 0 P 0
L 1.865768 0.72246 1.905768 0.72246 0 P 0
L 1.885768 0.659606 1.905768 0.699606 0 P 0
L 1.885768 0.68246 1.905768 0.72246 0 P 0
L 1.909074 0.72246 1.929074 0.68246 0 P 0
L 1.909074 0.72246 1.949074 0.72246 0 P 0
L 1.929074 0.68246 1.949074 0.72246 0 P 0
L 1.99569 0.72246 2.01569 0.68246 0 P 0
L 1.99569 0.72246 2.03569 0.72246 0 P 0
L 2.01569 0.68246 2.03569 0.72246 0 P 0
L 2.018 1.770964 2.038 1.730964 0 P 0
L 2.018 1.770964 2.058 1.770964 0 P 0
L 2.038 1.730964 2.058 1.770964 0 P 0
L 2.071 1.654 2.091 1.614 0 P 0
L 2.071 1.654 2.111 1.654 0 P 0
L 2.075 1.77 2.095 1.73 0 P 0
L 2.075 1.77 2.115 1.77 0 P 0
L 2.082304 0.72246 2.102304 0.68246 0 P 0
L 2.082304 0.72246 2.122304 0.72246 0 P 0
L 2.091 1.614 2.111 1.654 0 P 0
L 2.091 1.78 2.111 1.74 0 P 0
L 2.091 1.78 2.131 1.78 0 P 0
L 2.094 0.746 2.114 0.706 0 P 0
L 2.094 0.746 2.134 0.746 0 P 0
L 2.095 1.73 2.115 1.77 0 P 0
L 2.102304 0.68246 2.122304 0.72246 0 P 0
L 2.111 1.74 2.131 1.78 0 P 0
L 2.114 0.706 2.134 0.746 0 P 0
L 2.165 0.71 2.185 0.67 0 P 0
L 2.165 0.71 2.205 0.71 0 P 0
L 2.16812 1.542 2.18812 1.502 0 P 0
L 2.16812 1.542 2.20812 1.542 0 P 0
L 2.184316 1.688 2.204316 1.648 0 P 0
L 2.184316 1.688 2.224316 1.688 0 P 0
L 2.185 0.67 2.205 0.71 0 P 0
L 2.18812 1.502 2.20812 1.542 0 P 0
L 2.196 1.259 2.216 1.219 0 P 0
L 2.196 1.259 2.236 1.259 0 P 0
L 2.204316 1.648 2.224316 1.688 0 P 0
L 2.213944 1.779056 2.233944 1.739056 0 P 0
L 2.213944 1.779056 2.253944 1.779056 0 P 0
L 2.216 1.219 2.236 1.259 0 P 0
L 2.233944 1.739056 2.253944 1.779056 0 P 0
L 2.244 1.698 2.264 1.658 0 P 0
L 2.244 1.698 2.284 1.698 0 P 0
L 2.251 1.261 2.271 1.221 0 P 0
L 2.251 1.261 2.291 1.261 0 P 0
L 2.26 1.638426 2.28 1.598426 0 P 0
L 2.26 1.638426 2.3 1.638426 0 P 0
L 2.26 2.255 2.28 2.215 0 P 0
L 2.26 2.255 2.3 2.255 0 P 0
L 2.264 1.658 2.284 1.698 0 P 0
L 2.271 1.221 2.291 1.261 0 P 0
L 2.28 1.598426 2.3 1.638426 0 P 0
L 2.28 2.215 2.3 2.255 0 P 0
L 2.282 1.482 2.302 1.442 0 P 0
L 2.282 1.482 2.322 1.482 0 P 0
L 2.289236 1.674236 2.309236 1.634236 0 P 0
L 2.289236 1.674236 2.329236 1.674236 0 P 0
L 2.292 1.26 2.312 1.22 0 P 0
L 2.292 1.26 2.332 1.26 0 P 0
L 2.302 1.442 2.322 1.482 0 P 0
L 2.304 1.638 2.324 1.598 0 P 0
L 2.304 1.638 2.344 1.638 0 P 0
L 2.309236 1.634236 2.329236 1.674236 0 P 0
L 2.312 1.22 2.332 1.26 0 P 0
L 2.321 1.331 2.341 1.291 0 P 0
L 2.321 1.331 2.361 1.331 0 P 0
L 2.324 1.598 2.344 1.638 0 P 0
L 2.341 1.291 2.361 1.331 0 P 0
L 2.382 1.660946 2.402 1.620946 0 P 0
L 2.382 1.660946 2.422 1.660946 0 P 0
L 2.382 1.700316 2.402 1.660316 0 P 0
L 2.382 1.700316 2.422 1.700316 0 P 0
L 2.402 1.620946 2.422 1.660946 0 P 0
L 2.402 1.660316 2.422 1.700316 0 P 0
L 2.406 1.924 2.426 1.884 0 P 0
L 2.406 1.924 2.446 1.924 0 P 0
L 2.426 1.884 2.446 1.924 0 P 0
L 2.466902 1.277 2.486902 1.237 0 P 0
L 2.466902 1.277 2.506902 1.277 0 P 0
L 2.483 1.233 2.503 1.193 0 P 0
L 2.483 1.233 2.523 1.233 0 P 0
L 2.486586 1.354 2.506586 1.314 0 P 0
L 2.486586 1.354 2.526586 1.354 0 P 0
L 2.486902 1.237 2.506902 1.277 0 P 0
L 2.488 2.512 2.508 2.472 0 P 0
L 2.488 2.512 2.528 2.512 0 P 0
L 2.503 1.193 2.523 1.233 0 P 0
L 2.506272 1.457 2.526272 1.417 0 P 0
L 2.506272 1.457 2.546272 1.457 0 P 0
L 2.506586 1.314 2.526586 1.354 0 P 0
L 2.508 2.472 2.528 2.512 0 P 0
L 2.522 1.622 2.542 1.582 0 P 0
L 2.522 1.622 2.562 1.622 0 P 0
L 2.526272 1.417 2.546272 1.457 0 P 0
L 2.54 0.947 2.56 0.907 0 P 0
L 2.54 0.947 2.58 0.947 0 P 0
L 2.542 1.582 2.562 1.622 0 P 0
L 2.56 0.907 2.58 0.947 0 P 0
L 2.576 2.246 2.596 2.206 0 P 0
L 2.576 2.246 2.616 2.246 0 P 0
L 2.579 1.228 2.599 1.188 0 P 0
L 2.579 1.228 2.619 1.228 0 P 0
L 2.595 0.68 2.615 0.64 0 P 0
L 2.595 0.68 2.635 0.68 0 P 0
L 2.596 2.206 2.616 2.246 0 P 0
L 2.599 1.188 2.619 1.228 0 P 0
L 2.609 1.299 2.629 1.259 0 P 0
L 2.609 1.299 2.649 1.299 0 P 0
L 2.615 0.64 2.635 0.68 0 P 0
L 2.624382 1.827 2.644382 1.787 0 P 0
L 2.624382 1.827 2.664382 1.827 0 P 0
L 2.629 1.259 2.649 1.299 0 P 0
L 2.644382 1.787 2.664382 1.827 0 P 0
L 2.654 1.459 2.674 1.419 0 P 0
L 2.654 1.459 2.694 1.459 0 P 0
L 2.657 1.198 2.677 1.158 0 P 0
L 2.657 1.198 2.697 1.198 0 P 0
L 2.665 0.985 2.685 0.945 0 P 0
L 2.665 0.985 2.705 0.985 0 P 0
L 2.674 1.419 2.694 1.459 0 P 0
L 2.677 1.158 2.697 1.198 0 P 0
L 2.685 0.945 2.705 0.985 0 P 0
L 2.722 0.47 2.742 0.43 0 P 0
L 2.722 0.47 2.762 0.47 0 P 0
L 2.735 1.755 2.755 1.715 0 P 0
L 2.735 1.755 2.775 1.755 0 P 0
L 2.742 0.43 2.762 0.47 0 P 0
L 2.744 1.181 2.764 1.141 0 P 0
L 2.744 1.181 2.784 1.181 0 P 0
L 2.755 1.715 2.775 1.755 0 P 0
L 2.764 1.141 2.784 1.181 0 P 0
L 2.78063 0.790316 2.80063 0.750316 0 P 0
L 2.78063 0.790316 2.82063 0.790316 0 P 0
L 2.78063 0.81 2.80063 0.77 0 P 0
L 2.78063 0.81 2.82063 0.81 0 P 0
L 2.78063 0.829686 2.80063 0.789686 0 P 0
L 2.78063 0.829686 2.82063 0.829686 0 P 0
L 2.79 1.855 2.81 1.815 0 P 0
L 2.79 1.855 2.83 1.855 0 P 0
L 2.800316 0.790316 2.820316 0.750316 0 P 0
L 2.800316 0.790316 2.840316 0.790316 0 P 0
L 2.800316 0.81 2.820316 0.77 0 P 0
L 2.800316 0.81 2.840316 0.81 0 P 0
L 2.800316 0.829686 2.820316 0.789686 0 P 0
L 2.800316 0.829686 2.840316 0.829686 0 P 0
L 2.80063 0.750316 2.82063 0.790316 0 P 0
L 2.80063 0.77 2.82063 0.81 0 P 0
L 2.80063 0.789686 2.82063 0.829686 0 P 0
L 2.801548 1.361 2.821548 1.321 0 P 0
L 2.801548 1.361 2.841548 1.361 0 P 0
L 2.81 1.815 2.83 1.855 0 P 0
L 2.82 0.790316 2.84 0.750316 0 P 0
L 2.82 0.790316 2.86 0.790316 0 P 0
L 2.82 0.81 2.84 0.77 0 P 0
L 2.82 0.81 2.86 0.81 0 P 0
L 2.82 0.829686 2.84 0.789686 0 P 0
L 2.82 0.829686 2.86 0.829686 0 P 0
L 2.820316 0.750316 2.840316 0.790316 0 P 0
L 2.820316 0.77 2.840316 0.81 0 P 0
L 2.820316 0.789686 2.840316 0.829686 0 P 0
L 2.821548 1.321 2.841548 1.361 0 P 0
L 2.826 1.453 2.846 1.413 0 P 0
L 2.826 1.453 2.866 1.453 0 P 0
L 2.839 2.436 2.859 2.396 0 P 0
L 2.839 2.436 2.879 2.436 0 P 0
L 2.839686 0.790316 2.859686 0.750316 0 P 0
L 2.839686 0.790316 2.879686 0.790316 0 P 0
L 2.839686 0.81 2.859686 0.77 0 P 0
L 2.839686 0.81 2.879686 0.81 0 P 0
L 2.839686 0.829686 2.859686 0.789686 0 P 0
L 2.839686 0.829686 2.879686 0.829686 0 P 0
L 2.84 0.750316 2.86 0.790316 0 P 0
L 2.84 0.77 2.86 0.81 0 P 0
L 2.84 0.789686 2.86 0.829686 0 P 0
L 2.840764 1.472 2.860764 1.432 0 P 0
L 2.840764 1.472 2.880764 1.472 0 P 0
L 2.844 1.205 2.864 1.165 0 P 0
L 2.844 1.205 2.884 1.205 0 P 0
L 2.846 1.413 2.866 1.453 0 P 0
L 2.848394 1.52 2.868394 1.48 0 P 0
L 2.848394 1.52 2.888394 1.52 0 P 0
L 2.859 2.396 2.879 2.436 0 P 0
L 2.85937 0.790316 2.87937 0.750316 0 P 0
L 2.85937 0.790316 2.89937 0.790316 0 P 0
L 2.85937 0.81 2.87937 0.77 0 P 0
L 2.85937 0.81 2.89937 0.81 0 P 0
L 2.85937 0.829686 2.87937 0.789686 0 P 0
L 2.85937 0.829686 2.87937 0.789686 0 P 0
L 2.85937 0.829686 2.89937 0.829686 0 P 0
L 2.85937 0.829686 2.89937 0.829686 0 P 0
L 2.859686 0.750316 2.879686 0.790316 0 P 0
L 2.859686 0.77 2.879686 0.81 0 P 0
L 2.859686 0.789686 2.879686 0.829686 0 P 0
L 2.860764 1.432 2.880764 1.472 0 P 0
L 2.864 1.165 2.884 1.205 0 P 0
L 2.868394 1.48 2.888394 1.52 0 P 0
L 2.878314 0.790316 2.898314 0.750316 0 P 0
L 2.878314 0.790316 2.918314 0.790316 0 P 0
L 2.87937 0.750316 2.89937 0.790316 0 P 0
L 2.87937 0.77 2.89937 0.81 0 P 0
L 2.87937 0.789686 2.89937 0.829686 0 P 0
L 2.87937 0.789686 2.89937 0.829686 0 P 0
L 2.883686 0.81 2.903686 0.77 0 P 0
L 2.883686 0.81 2.923686 0.81 0 P 0
L 2.896 0.705 2.916 0.665 0 P 0
L 2.896 0.705 2.936 0.705 0 P 0
L 2.898314 0.750316 2.918314 0.790316 0 P 0
L 2.903686 0.77 2.923686 0.81 0 P 0
L 2.91 0.79 2.93 0.75 0 P 0
L 2.91 0.79 2.95 0.79 0 P 0
L 2.916 0.665 2.936 0.705 0 P 0
L 2.921 1.189 2.941 1.149 0 P 0
L 2.921 1.189 2.961 1.189 0 P 0
L 2.93 0.75 2.95 0.79 0 P 0
L 2.93 0.76 2.95 0.72 0 P 0
L 2.93 0.76 2.97 0.76 0 P 0
L 2.941 1.149 2.961 1.189 0 P 0
L 2.945 0.405 2.965 0.365 0 P 0
L 2.945 0.405 2.985 0.405 0 P 0
L 2.95 0.72 2.97 0.76 0 P 0
L 2.965 0.365 2.985 0.405 0 P 0
L 2.978 2.358 2.998 2.318 0 P 0
L 2.978 2.358 3.018 2.358 0 P 0
L 2.988 0.675 3.008 0.635 0 P 0
L 2.988 0.675 3.028 0.675 0 P 0
L 2.991 0.449836 3.011 0.409836 0 P 0
L 2.991 0.449836 3.031 0.449836 0 P 0
L 2.995 1.897166 3.015 1.857166 0 P 0
L 2.995 1.897166 3.035 1.897166 0 P 0
L 2.998 2.318 3.018 2.358 0 P 0
L 3.004 1.60189 3.024 1.56189 0 P 0
L 3.004 1.60189 3.044 1.60189 0 P 0
L 3.008 0.635 3.028 0.675 0 P 0
L 3.011 0.409836 3.031 0.449836 0 P 0
L 3.015 1.857166 3.035 1.897166 0 P 0
L 3.024 1.56189 3.044 1.60189 0 P 0
L 3.055 1.37 3.075 1.33 0 P 0
L 3.055 1.37 3.095 1.37 0 P 0
L 3.06 1.045 3.08 1.005 0 P 0
L 3.06 1.045 3.1 1.045 0 P 0
L 3.065 1.722 3.085 1.682 0 P 0
L 3.065 1.722 3.105 1.722 0 P 0
L 3.075 1.33 3.095 1.37 0 P 0
L 3.075 1.37 3.095 1.33 0 P 0
L 3.075 1.37 3.115 1.37 0 P 0
L 3.076 1.95622 3.096 1.91622 0 P 0
L 3.076 1.95622 3.116 1.95622 0 P 0
L 3.08 1.005 3.1 1.045 0 P 0
L 3.085 1.682 3.105 1.722 0 P 0
L 3.086 1.638 3.106 1.598 0 P 0
L 3.086 1.638 3.126 1.638 0 P 0
L 3.095 1.33 3.115 1.37 0 P 0
L 3.096 1.91622 3.116 1.95622 0 P 0
L 3.106 1.598 3.126 1.638 0 P 0
L 3.129 2.527 3.149 2.487 0 P 0
L 3.129 2.527 3.169 2.527 0 P 0
L 3.149 2.487 3.169 2.527 0 P 0
L 3.171 2.505 3.191 2.465 0 P 0
L 3.171 2.505 3.211 2.505 0 P 0
L 3.18511 1.666 3.20511 1.626 0 P 0
L 3.18511 1.666 3.22511 1.666 0 P 0
L 3.191 2.465 3.211 2.505 0 P 0
L 3.20511 1.626 3.22511 1.666 0 P 0
L 3.350316 0.630316 3.370316 0.590316 0 P 0
L 3.350316 0.630316 3.390316 0.630316 0 P 0
L 3.370316 0.590316 3.390316 0.630316 0 P 0
L 3.39988 0.50012 3.41988 0.46012 0 P 0
L 3.39988 0.50012 3.43988 0.50012 0 P 0
L 3.41988 0.46012 3.43988 0.50012 0 P 0
L 3.427 0.76 3.447 0.72 0 P 0
L 3.427 0.76 3.467 0.76 0 P 0
L 3.435 1.515 3.455 1.475 0 P 0
L 3.435 1.515 3.475 1.515 0 P 0
L 3.447 0.72 3.467 0.76 0 P 0
L 3.455 1.475 3.475 1.515 0 P 0
L 3.456676 2.525236 3.476676 2.485236 0 P 0
L 3.456676 2.525236 3.496676 2.525236 0 P 0
L 3.476676 2.485236 3.496676 2.525236 0 P 0
L 3.503818 0.465 3.523818 0.425 0 P 0
L 3.503818 0.465 3.543818 0.465 0 P 0
L 3.512 2.344 3.532 2.304 0 P 0
L 3.512 2.344 3.552 2.344 0 P 0
L 3.514 2.312 3.534 2.272 0 P 0
L 3.514 2.312 3.554 2.312 0 P 0
L 3.523818 0.425 3.543818 0.465 0 P 0
L 3.532 2.304 3.552 2.344 0 P 0
L 3.534 2.272 3.554 2.312 0 P 0
L 3.538484 0.782516 3.558484 0.742516 0 P 0
L 3.538484 0.782516 3.578484 0.782516 0 P 0
L 3.558484 0.742516 3.578484 0.782516 0 P 0
L 3.565 1.455 3.585 1.415 0 P 0
L 3.565 1.455 3.605 1.455 0 P 0
L 3.585 1.415 3.605 1.455 0 P 0
L 3.616112 0.806112 3.636112 0.766112 0 P 0
L 3.616112 0.806112 3.656112 0.806112 0 P 0
L 3.616556 0.764 3.636556 0.724 0 P 0
L 3.616556 0.764 3.656556 0.764 0 P 0
L 3.633 0.465 3.653 0.425 0 P 0
L 3.633 0.465 3.673 0.465 0 P 0
L 3.633 0.648 3.653 0.608 0 P 0
L 3.633 0.648 3.673 0.648 0 P 0
L 3.636112 0.766112 3.656112 0.806112 0 P 0
L 3.636556 0.724 3.656556 0.764 0 P 0
L 3.653 0.425 3.673 0.465 0 P 0
L 3.653 0.608 3.673 0.648 0 P 0
L 3.675 1.415 3.695 1.375 0 P 0
L 3.675 1.415 3.715 1.415 0 P 0
L 3.695 1.375 3.715 1.415 0 P 0
L 3.695 1.685 3.715 1.645 0 P 0
L 3.695 1.685 3.735 1.685 0 P 0
L 3.715 1.645 3.735 1.685 0 P 0
L 3.719 0.732638 3.739 0.692638 0 P 0
L 3.719 0.732638 3.759 0.732638 0 P 0
L 3.72 0.55 3.74 0.51 0 P 0
L 3.72 0.55 3.76 0.55 0 P 0
L 3.723276 0.732638 3.743276 0.692638 0 P 0
L 3.723276 0.732638 3.763276 0.732638 0 P 0
L 3.739 0.692638 3.759 0.732638 0 P 0
L 3.74 0.51 3.76 0.55 0 P 0
L 3.743276 0.692638 3.763276 0.732638 0 P 0
L 3.805 1.320748 3.825 1.280748 0 P 0
L 3.805 1.320748 3.845 1.320748 0 P 0
L 3.805 1.455 3.825 1.415 0 P 0
L 3.805 1.455 3.845 1.455 0 P 0
L 3.808 0.817362 3.828 0.777362 0 P 0
L 3.808 0.817362 3.848 0.817362 0 P 0
L 3.825 0.485 3.845 0.445 0 P 0
L 3.825 0.485 3.865 0.485 0 P 0
L 3.825 1.280748 3.845 1.320748 0 P 0
L 3.825 1.415 3.845 1.455 0 P 0
L 3.828 0.777362 3.848 0.817362 0 P 0
L 3.845 0.445 3.865 0.485 0 P 0
L 3.85 1.495 3.87 1.455 0 P 0
L 3.85 1.495 3.89 1.495 0 P 0
L 3.87 1.455 3.89 1.495 0 P 0
L 3.895224 2.620078 3.915224 2.580078 0 P 0
L 3.895224 2.620078 3.935224 2.620078 0 P 0
L 3.91 2.575 3.93 2.535 0 P 0
L 3.91 2.575 3.95 2.575 0 P 0
L 3.915224 2.580078 3.935224 2.620078 0 P 0
L 3.93 2.535 3.95 2.575 0 P 0
L 3.945 0.586 3.965 0.546 0 P 0
L 3.945 0.586 3.985 0.586 0 P 0
L 3.95 0.9 3.97 0.86 0 P 0
L 3.95 0.9 3.99 0.9 0 P 0
L 3.96 1.415 3.98 1.375 0 P 0
L 3.96 1.415 4 1.415 0 P 0
L 3.96 1.449568 3.98 1.409568 0 P 0
L 3.96 1.449568 4 1.449568 0 P 0
L 3.96 1.485 3.98 1.445 0 P 0
L 3.96 1.485 4 1.485 0 P 0
L 3.964142 0.914142 3.984142 0.874142 0 P 0
L 3.964142 0.914142 4.004142 0.914142 0 P 0
L 3.965 0.546 3.985 0.586 0 P 0
L 3.967284 0.430472 3.967284 0.470472 0 P 0
L 3.967284 0.430472 4.007284 0.430472 0 P 0
L 3.967284 0.470472 4.007284 0.470472 0 P 0
L 3.97 0.86 3.99 0.9 0 P 0
L 3.98 1.375 4 1.415 0 P 0
L 3.98 1.409568 4 1.449568 0 P 0
L 3.98 1.445 4 1.485 0 P 0
L 3.984142 0.874142 4.004142 0.914142 0 P 0
L 4 2.529 4.02 2.489 0 P 0
L 4 2.529 4.04 2.529 0 P 0
L 4.007284 0.430472 4.007284 0.470472 0 P 0
L 4.02 2.489 4.04 2.529 0 P 0
L 4.064338 1.375 4.084338 1.335 0 P 0
L 4.064338 1.375 4.104338 1.375 0 P 0
L 4.084338 1.335 4.104338 1.375 0 P 0
