#Layer_Color=16711935
#
#Feature symbol names
#
$0 r7.874

#
#Feature attribute names
#

#
#Layer features
#
L 0.3849218 0.4701576 0.3849218 2.4898426 0 P 0
L 0.3849218 0.4701576 0.3870154 0.4462297 0 P 0
L 0.3849218 2.4898426 0.3904338 2.5284252 0 P 0
L 0.3870154 0.4462297 0.3932318 0.4230288 0 P 0
L 0.3904338 2.5284252 0.4010922 2.5171978 0 P 0
L 0.3932318 0.4230288 0.403383 0.4012599 0 P 0
L 0.4010922 2.5171978 0.4140454 2.5087196 0 P 0
L 0.403383 0.4012599 0.4171598 0.3815845 0 P 0
L 0.4140454 2.5087196 0.4285998 2.503444 0 P 0
L 0.4171598 0.3815845 0.434144 0.3646003 0 P 0
L 0.4285998 2.503444 0.443977 2.5016536 0 P 0
L 0.434144 0.3646003 0.4538194 0.3508234 0 P 0
L 0.443977 2.5016536 0.4578094 2.5030988 0 P 0
L 0.4538194 0.3508234 0.4755884 0.3406724 0 P 0
L 0.4578094 2.5030988 0.4710446 2.5073712 0 P 0
L 0.4710446 2.5073712 0.483111 2.514287 0 P 0
L 0.4755884 0.3406724 0.4987892 0.3344557 0 P 0
L 0.483111 2.514287 0.4934878 2.5235472 0 P 0
L 0.4841346 2.622126 0.4943334 2.6126706 0 P 0
L 0.4841346 2.622126 0.522717 2.627638 0 P 0
L 0.4934878 2.5235472 0.5017266 2.5347522 0 P 0
L 0.4943334 2.6126706 0.5023582 2.6013112 0 P 0
L 0.4987892 0.3344557 0.522717 0.3323623 0 P 0
L 0.5017266 2.5347522 0.5074714 2.547418 0 P 0
L 0.5023582 2.6013112 0.5078618 2.5885388 0 P 0
L 0.5074714 2.547418 0.510475 2.5609976 0 P 0
L 0.5078618 2.5885388 0.510607 2.5749048 0 P 0
L 0.510475 2.5609976 0.510607 2.5749048 0 P 0
L 0.522717 0.3323623 3.987284 0.3323623 0 P 0
L 0.522717 2.627638 3.987284 2.627638 0 P 0
L 3.987284 0.3323623 4.011212 0.3344557 0 P 0
L 3.987284 2.627638 4.0117408 2.6254502 0 P 0
L 4.011212 0.3344557 4.0344128 0.3406724 0 P 0
L 4.0117408 2.6254502 4.0354208 2.6189564 0 P 0
L 4.0344128 0.3406724 4.0561816 0.3508234 0 P 0
L 4.0354208 2.6189564 4.0575728 2.608363 0 P 0
L 4.0561816 0.3508234 4.0758572 0.3646003 0 P 0
L 4.0575728 2.608363 4.077492 2.594006 0 P 0
L 4.0758572 0.3646003 4.0928416 0.3815845 0 P 0
L 4.077492 2.594006 4.0945476 2.5763416 0 P 0
L 4.0928416 0.3815845 4.1066184 0.4012599 0 P 0
L 4.0945476 2.5763416 4.1081968 2.5559306 0 P 0
L 4.1066184 0.4012599 4.1167696 0.4230288 0 P 0
L 4.1081968 2.5559306 4.1180072 2.533421 0 P 0
L 4.1167696 0.4230288 4.1229856 0.4462297 0 P 0
L 4.1180072 2.533421 4.123666 2.5095276 0 P 0
L 4.1229856 0.4462297 4.1250792 0.4701576 0 P 0
L 4.123666 2.5095276 4.1250792 2.5095276 0 P 0
L 4.1250792 0.4701576 4.1250792 2.5095276 0 P 0
