#Layer_Color=16711935
#
#Feature symbol names
#
$0 r15.748
$1 r3.937
$2 r7.874
$3 rect248.032x708.662

#
#Feature attribute names
#

#
#Layer features
#
A 0.3770468 0.4701576 0.3770768 0.4694712 0.3849218 0.4701576 0 P 0 N
A 0.3770468 0.4701576 0.3770787 0.4694499 0.3849218 0.4701576 0 P 0 N
A 0.3771259 2.4909563 0.3770468 2.4898426 0.3849218 2.4898426 0 P 0 N
A 0.37713 2.4909843 0.3770468 2.4898426 0.3849218 2.4898426 0 P 0 N
A 0.3791685 0.4455645 0.3794087 0.4441916 0.3870154 0.4462297 0 P 0 N
A 0.3791704 0.4455433 0.3794087 0.4441916 0.3870154 0.4462297 0 P 0 N
A 0.3856251 0.4209907 0.3860947 0.4197006 0.3932318 0.4230288 0 P 0 N
A 0.3856251 0.4209907 0.3861043 0.4196801 0.3932318 0.4230288 0 P 0 N
A 0.3959346 2.5112468 0.3967776 2.5106099 0.4010922 2.5171978 0 P 0 N
A 0.3959346 2.5112468 0.3967795 2.5106087 0.4010922 2.5171978 0 P 0 N
A 0.3961451 2.5338471 0.382634 2.5295109 0.3904338 2.5284252 0 P 0 N
A 0.3961451 2.5338471 0.3826379 2.5295389 0.3904338 2.5284252 0 P 0 N
A 0.3962363 0.3979523 0.3969322 0.396743 0.403383 0.4012599 0 P 0 N
A 0.3962459 0.3979317 0.3969439 0.3967263 0.403383 0.4012599 0 P 0 N
A 0.3967776 2.5106099 0.3967813 2.5106075 0.4010922 2.5171978 0 P 0 N
A 0.4097308 2.5021317 0.4097345 2.5021293 0.4140454 2.5087196 0 P 0 N
A 0.4097327 2.5021305 0.4113853 2.5013075 0.4140454 2.5087196 0 P 0 N
A 0.4097345 2.5021293 0.4113618 2.501316 0.4140454 2.5087196 0 P 0 N
A 0.4106973 0.3770844 0.4115913 0.376016 0.4171598 0.3815845 0 P 0 N
A 0.410709 0.3770676 0.4115913 0.376016 0.4171598 0.3815845 0 P 0 N
A 0.4258927 2.4960489 0.427689 2.4956218 0.4285998 2.503444 0 P 0 N
A 0.4259162 2.4960404 0.427689 2.4956218 0.4285998 2.503444 0 P 0 N
A 0.4285755 0.3590318 0.4296271 0.3581495 0.434144 0.3646003 0 P 0 N
A 0.4285755 0.3590318 0.4296439 0.3581378 0.434144 0.3646003 0 P 0 N
A 0.4430662 2.4938314 0.4447953 2.4938212 0.443977 2.5016536 0 P 0 N
A 0.4430662 2.4938314 0.4447953 2.4938212 0.443977 2.5016536 0 P 0 N
A 0.4492857 0.3443843 0.4504913 0.3436862 0.4538194 0.3508234 0 P 0 N
A 0.4493025 0.3443726 0.4504913 0.3436862 0.4538194 0.3508234 0 P 0 N
A 0.4586277 2.4952664 0.460221 2.4956022 0.4578094 2.5030988 0 P 0 N
A 0.4586277 2.4952664 0.4602286 2.4956046 0.4578094 2.5030988 0 P 0 N
A 0.460221 2.4956022 0.4602361 2.495607 0.4578094 2.5030988 0 P 0 N
A 0.4722603 0.3335352 0.4735502 0.3330657 0.4755884 0.3406724 0 P 0 N
A 0.4722603 0.3335352 0.4735502 0.3330657 0.4755884 0.3406724 0 P 0 N
A 0.4734562 2.4998746 0.4734713 2.4998794 0.4710446 2.5073712 0 P 0 N
A 0.4734638 2.499877 0.4749605 2.5005388 0.4710446 2.5073712 0 P 0 N
A 0.4734713 2.4998794 0.4749605 2.5005388 0.4710446 2.5073712 0 P 0 N
A 0.4830209 2.6299219 0.4787806 2.616351 0.4841346 2.622126 0 P 0 N
A 0.4830489 2.6299258 0.4787806 2.616351 0.4841346 2.622126 0 P 0 N
A 0.4870269 2.5074546 0.4883544 2.5084114 0.483111 2.514287 0 P 0 N
A 0.4870269 2.5074546 0.4883544 2.5084114 0.483111 2.514287 0 P 0 N
A 0.496751 0.326849 0.4981029 0.3266107 0.4987892 0.3344557 0 P 0 N
A 0.496751 0.326849 0.4981271 0.3266086 0.4987892 0.3344557 0 P 0 N
A 0.4987312 2.5176716 0.4998323 2.5188822 0.4934878 2.5235472 0 P 0 N
A 0.4987312 2.5176716 0.4998482 2.5189038 0.4934878 2.5235472 0 P 0 N
A 0.5080552 2.5300656 0.5088984 2.5314993 0.5017266 2.5347522 0 P 0 N
A 0.5080711 2.5300872 0.5088984 2.5314993 0.5017266 2.5347522 0 P 0 N
A 0.5095904 2.6044275 0.5087826 2.6058656 0.5023582 2.6013112 0 P 0 N
A 0.5095904 2.6044275 0.5087901 2.605855 0.5023582 2.6013112 0 P 0 N
A 0.5146432 2.5441651 0.5151606 2.5457173 0.5074714 2.547418 0 P 0 N
A 0.5146432 2.5441651 0.5151606 2.5457173 0.5074714 2.547418 0 P 0 N
A 0.5155819 2.5900932 0.515094 2.5916551 0.5078618 2.5885388 0 P 0 N
A 0.5155819 2.5900932 0.515094 2.5916551 0.5078618 2.5885388 0 P 0 N
A 0.5181642 2.5592969 0.5183496 2.5609229 0.510475 2.5609976 0 P 0 N
A 0.5181642 2.5592969 0.5183499 2.5609497 0.510475 2.5609976 0 P 0 N
A 0.5183499 2.5609497 0.51835 2.5609976 0.510475 2.5609976 0 P 0 N
A 0.5184813 2.5748032 0.518482 2.5749048 0.510607 2.5749048 0 P 0 N
A 0.5184816 2.5748301 0.518482 2.5749048 0.510607 2.5749048 0 P 0 N
A 0.518482 2.5749048 0.5183271 2.5764592 0.510607 2.5749048 0 P 0 N
A 0.518482 2.5749048 0.5183271 2.5764592 0.510607 2.5749048 0 P 0 N
A 0.5220064 0.3245194 0.522717 0.3244873 0.522717 0.3323623 0 P 0 N
A 0.5220307 0.3245173 0.522717 0.3244873 0.522717 0.3323623 0 P 0 N
A 0.522717 2.635513 0.5215753 2.6354298 0.522717 2.627638 0 P 0 N
A 0.522717 2.635513 0.5216033 2.6354339 0.522717 2.627638 0 P 0 N
A 3.987284 0.3244873 3.9879703 0.3245173 3.987284 0.3323623 0 P 0 N
A 3.987284 0.3244873 3.9879946 0.3245194 3.987284 0.3323623 0 P 0 N
A 3.9879857 2.6354817 3.987284 2.635513 3.987284 2.627638 0 P 0 N
A 3.9879857 2.6354817 3.987284 2.635513 3.987284 2.627638 0 P 0 N
A 4.0118741 0.3266086 4.0132502 0.326849 4.011212 0.3344557 0 P 0 N
A 4.0118983 0.3266107 4.0132502 0.326849 4.011212 0.3344557 0 P 0 N
A 4.0138176 2.6330464 4.0124425 2.6332939 4.0117408 2.6254502 0 P 0 N
A 4.0138235 2.6330448 4.0124425 2.6332939 4.0117408 2.6254502 0 P 0 N
A 4.0138293 2.6330432 4.0138176 2.6330464 4.0117408 2.6254502 0 P 0 N
A 4.036451 0.3330657 4.0377409 0.3335352 4.0344128 0.3406724 0 P 0 N
A 4.036451 0.3330657 4.0377409 0.3335352 4.0344128 0.3406724 0 P 0 N
A 4.0375093 2.6265494 4.0374976 2.6265526 4.0354208 2.6189564 0 P 0 N
A 4.0388182 2.6260608 4.0375093 2.6265494 4.0354208 2.6189564 0 P 0 N
A 4.0388437 2.6260486 4.0375035 2.626551 4.0354208 2.6189564 0 P 0 N
A 4.0595097 0.3436862 4.0606985 0.3443726 4.0561816 0.3508234 0 P 0 N
A 4.0595097 0.3436862 4.0607152 0.3443843 4.0561816 0.3508234 0 P 0 N
A 4.0621774 2.6147515 4.0609447 2.6154796 4.0575728 2.608363 0 P 0 N
A 4.0621926 2.6147405 4.0609702 2.6154674 4.0575728 2.608363 0 P 0 N
A 4.0803573 0.3581377 4.0814256 0.3590318 4.0758572 0.3646003 0 P 0 N
A 4.0803741 0.3581495 4.0814389 0.3590451 4.0758572 0.3646003 0 P 0 N
A 4.0831572 2.599476 4.0820814 2.6004055 4.077492 2.594006 0 P 0 N
A 4.0831678 2.599465 4.0820966 2.6003945 4.077492 2.594006 0 P 0 N
A 4.0983967 0.3760027 4.0992924 0.3770676 4.0928416 0.3815845 0 P 0 N
A 4.09841 0.376016 4.0993041 0.3770844 4.0928416 0.3815845 0 P 0 N
A 4.1010938 2.5807192 4.1002022 2.5818226 4.0945476 2.5763416 0 P 0 N
A 4.1010938 2.5807192 4.1002128 2.5818116 4.0945476 2.5763416 0 P 0 N
A 4.1130575 0.3967263 4.1137555 0.3979317 4.1066184 0.4012599 0 P 0 N
A 4.1130692 0.396743 4.1137651 0.3979523 4.1066184 0.4012599 0 P 0 N
A 4.115416 2.5590769 4.114743 2.5603082 4.1081968 2.5559306 0 P 0 N
A 4.115416 2.5590769 4.114743 2.5603082 4.1081968 2.5559306 0 P 0 N
A 4.1159998 2.5077263 4.1172042 2.5050264 4.123666 2.5095276 0 P 0 N
A 4.116003 2.5077127 4.1172042 2.5050264 4.123666 2.5095276 0 P 0 N
A 4.1238971 0.4196801 4.1243763 0.4209908 4.1167696 0.4230288 0 P 0 N
A 4.1239067 0.4197006 4.1243808 0.4210074 4.1167696 0.4230288 0 P 0 N
A 4.1256702 2.5352359 4.1252264 2.5365673 4.1180072 2.533421 0 P 0 N
A 4.1256734 2.5352223 4.1252264 2.5365673 4.1180072 2.533421 0 P 0 N
A 4.1305878 0.4441751 4.1308306 0.4455433 4.1229856 0.4462297 0 P 0 N
A 4.1305923 0.4441917 4.1308325 0.4455645 4.1229856 0.4462297 0 P 0 N
A 4.1329223 0.4694499 4.1329542 0.4701576 4.1250792 0.4701576 0 P 0 N
A 4.1329242 0.4694712 4.1329542 0.4701576 4.1250792 0.4701576 0 P 0 N
A 4.1329542 2.5095276 4.1303794 2.515352 4.1250792 2.5095276 0 P 0 N
A 4.1329542 2.5095276 4.1303794 2.515352 4.1250792 2.5095276 0 P 0 N
L 0.3770468 0.4701576 0.3770468 2.4898426 0 P 0
L 0.3770768 0.4694712 0.3770787 0.4694499 0 P 0
L 0.3770787 0.4694499 0.3791685 0.4455645 0 P 0
L 0.377126 2.4909563 0.37713 2.4909843 0 P 0
L 0.37713 2.4909843 0.382634 2.5295109 0 P 0
L 0.3791685 0.4455645 0.3791704 0.4455433 0 P 0
L 0.3794087 0.4441916 0.3856251 0.4209907 0 P 0
L 0.3809838 0.4701576 0.3809838 2.4898426 2 P 0
L 0.3809988 0.4698144 0.3809998 0.469803 2 P 0
L 0.3809998 0.469803 0.3830914 0.4458978 2 P 0
L 0.3810234 2.4903995 0.3810253 2.490413 2 P 0
L 0.3810253 2.490413 0.3865335 2.5289687 2 P 0
L 0.382634 2.5295109 0.382638 2.5295389 0 P 0
L 0.3830914 0.4458978 0.3830924 0.4458865 2 P 0
L 0.3832116 0.4452105 0.3832151 0.4451975 2 P 0
L 0.3832151 0.4451975 0.3894245 0.4220226 2 P 0
L 0.3860947 0.4197006 0.3861043 0.4196801 0 P 0
L 0.3861043 0.4196801 0.3962363 0.3979523 0 P 0
L 0.3865335 2.5289687 0.3865354 2.5289821 2 P 0
L 0.3888598 0.4703294 0.3888598 2.4895629 2 P 0
L 0.3888598 0.4703294 0.3909084 0.4469161 2 P 0
L 0.3888598 2.4895629 0.3931812 2.5198114 2 P 0
L 0.3894245 0.4220226 0.389428 0.4220096 2 P 0
L 0.3896628 0.4213645 0.3896686 0.4213521 2 P 0
L 0.3896686 0.4213521 0.3998082 0.3996081 2 P 0
L 0.3909084 0.4469161 0.3969464 0.4243808 2 P 0
L 0.3927968 0.4705011 0.3927968 2.4892833 0 P 0
L 0.3927968 0.4705011 0.3948003 0.4476026 0 P 0
L 0.3927968 2.4892833 0.3959346 2.5112468 0 P 0
L 0.3931812 2.5198114 0.3982362 2.5144865 2 P 0
L 0.3932898 2.5311365 0.4036325 2.5202417 2 P 0
L 0.3948003 0.4476026 0.4006602 0.4257323 0 P 0
L 0.3961451 2.5338471 0.4061722 2.5232847 0 P 0
L 0.3962363 0.3979523 0.3962459 0.3979317 0 P 0
L 0.3967776 2.5106099 0.3967795 2.5106087 0 P 0
L 0.3967795 2.5106087 0.3967813 2.5106075 0 P 0
L 0.3967813 2.5106075 0.4097308 2.5021317 0 P 0
L 0.3969322 0.396743 0.3969439 0.3967263 0 P 0
L 0.3969439 0.3967263 0.4106973 0.3770844 0 P 0
L 0.3969464 0.4243808 0.4068065 0.4032363 2 P 0
L 0.3989356 2.5139028 0.4118888 2.5054246 2 P 0
L 0.3998082 0.3996081 0.399814 0.3995956 2 P 0
L 0.4001572 0.3990012 0.4001677 0.3989862 2 P 0
L 0.4001677 0.3989862 0.4139235 0.3793407 2 P 0
L 0.4006602 0.4257323 0.4102289 0.4052125 0 P 0
L 0.4036325 2.5202417 0.4158184 2.5122657 2 P 0
L 0.4061722 2.5232847 0.4175911 2.5158107 0 P 0
L 0.4068065 0.4032363 0.4201878 0.3841257 2 P 0
L 0.4097308 2.5021317 0.4097327 2.5021305 0 P 0
L 0.4097327 2.5021305 0.4097345 2.5021293 0 P 0
L 0.4102289 0.4052125 0.4232152 0.3866661 0 P 0
L 0.4106973 0.3770844 0.410709 0.3770676 0 P 0
L 0.4113618 2.501316 0.4113853 2.5013075 0 P 0
L 0.4113853 2.5013075 0.4258927 2.4960489 0 P 0
L 0.4115913 0.376016 0.4285755 0.3590318 0 P 0
L 0.4127034 2.5050173 0.4272578 2.4997417 2 P 0
L 0.4139235 0.3793407 0.413934 0.3793258 2 P 0
L 0.4143752 0.3787999 0.4313594 0.3618157 2 P 0
L 0.4158184 2.5122657 0.4295107 2.5073026 2 P 0
L 0.4175911 2.5158107 0.430421 2.5111602 0 P 0
L 0.4201878 0.3841257 0.4366852 0.3676283 2 P 0
L 0.4232152 0.3866661 0.4392256 0.3706557 0 P 0
L 0.4258927 2.4960489 0.4259162 2.4960404 0 P 0
L 0.427689 2.4956218 0.4430662 2.4938314 0 P 0
L 0.4281444 2.4995324 0.4435216 2.497742 2 P 0
L 0.4295107 2.5073026 0.4440004 2.5056155 2 P 0
L 0.4296271 0.3581495 0.4296439 0.3581378 0 P 0
L 0.4296439 0.3581378 0.4492857 0.3443843 0 P 0
L 0.430421 2.5111602 0.4440239 2.5095764 0 P 0
L 0.4318853 0.3613745 0.4319002 0.3613641 2 P 0
L 0.4319002 0.3613641 0.4515457 0.3476081 2 P 0
L 0.4366852 0.3676283 0.4557958 0.3542469 2 P 0
L 0.4392256 0.3706557 0.4577717 0.3576695 0 P 0
L 0.4440004 2.5056155 0.4569912 2.5069728 2 P 0
L 0.4440239 2.5095764 0.4561732 2.5108457 0 P 0
L 0.4443862 2.4977369 0.4582186 2.4991821 2 P 0
L 0.4447953 2.4938212 0.4586277 2.4952664 0 P 0
L 0.4492857 0.3443843 0.4493025 0.3443726 0 P 0
L 0.4504913 0.3436862 0.4722603 0.3335352 0 P 0
L 0.4515457 0.3476081 0.4515607 0.3475976 2 P 0
L 0.4521551 0.3472544 0.4521676 0.3472486 2 P 0
L 0.4521676 0.3472486 0.4739117 0.3371092 2 P 0
L 0.4557958 0.3542469 0.4769404 0.344387 2 P 0
L 0.4561732 2.5108457 0.4678424 2.5146126 0 P 0
L 0.4569912 2.5069728 0.4694434 2.5109924 2 P 0
L 0.4577717 0.3576695 0.478292 0.3481008 0 P 0
L 0.4590191 2.4993512 0.4722543 2.5036236 2 P 0
L 0.460221 2.4956022 0.4602286 2.4956046 0 P 0
L 0.4602286 2.4956046 0.4602361 2.495607 0 P 0
L 0.4602361 2.495607 0.4734562 2.4998746 0 P 0
L 0.4678424 2.5146126 0.4784814 2.5207103 0 P 0
L 0.4694434 2.5109924 0.4807958 2.517499 2 P 0
L 0.4730028 2.5039546 0.4730131 2.5039605 2 P 0
L 0.4730131 2.5039605 0.4850589 2.5108645 2 P 0
L 0.4734562 2.4998746 0.4734638 2.499877 0 P 0
L 0.4734638 2.499877 0.4734713 2.4998794 0 P 0
L 0.4735502 0.3330657 0.496751 0.326849 0 P 0
L 0.4739117 0.3371092 0.4739241 0.3371034 2 P 0
L 0.4745692 0.3368686 0.4745822 0.3368651 2 P 0
L 0.4745822 0.3368651 0.497757 0.3306554 2 P 0
L 0.4749605 2.5005388 0.4870269 2.5074546 0 P 0
L 0.4769404 0.344387 0.4994756 0.3383487 2 P 0
L 0.478292 0.3481008 0.5001623 0.3422406 0 P 0
L 0.4784814 2.5207103 0.4876308 2.5288753 0 P 0
L 0.4787806 2.616351 0.4883762 2.6074548 0 P 0
L 0.4807958 2.517499 0.4905588 2.5262114 2 P 0
L 0.4814573 2.6192382 0.481474 2.6192227 2 P 0
L 0.481474 2.6192227 0.4913541 2.6100628 2 P 0
L 0.4830209 2.6299218 0.4830489 2.6299258 0 P 0
L 0.4830489 2.6299258 0.5215753 2.6354298 0 P 0
L 0.4835777 2.6260244 0.4835911 2.6260263 2 P 0
L 0.4835911 2.6260263 0.5221466 2.6315345 2 P 0
L 0.4850589 2.5108645 0.4850692 2.5108704 2 P 0
L 0.485733 2.5113488 0.4961098 2.520609 2 P 0
L 0.4876308 2.5288753 0.4948945 2.538754 0 P 0
L 0.4883544 2.5084114 0.4987312 2.5176716 0 P 0
L 0.4883762 2.6074548 0.4954515 2.5974395 0 P 0
L 0.4905588 2.5262114 0.4983104 2.5367538 2 P 0
L 0.4913541 2.6100628 0.4989046 2.5993748 2 P 0
L 0.4928712 2.6193962 0.496994 2.6155739 2 P 0
L 0.4928712 2.6193962 0.5229967 2.6237 2 P 0
L 0.4948945 2.538754 0.4999598 2.5499218 0 P 0
L 0.4954515 2.5974395 0.5003041 2.5861779 0 P 0
L 0.4966605 2.5212144 0.5048993 2.5324194 2 P 0
L 0.496994 2.6155739 0.4970107 2.6155584 2 P 0
L 0.4975498 2.6149428 0.5055746 2.6035834 2 P 0
L 0.497757 0.3306554 0.49777 0.3306519 2 P 0
L 0.4981029 0.3266107 0.4981271 0.3266086 0 P 0
L 0.4981271 0.3266086 0.5220064 0.3245194 0 P 0
L 0.4983104 2.5367538 0.503715 2.5486696 2 P 0
L 0.498446 0.3305327 0.4984573 0.3305317 2 P 0
L 0.4984573 0.3305317 0.5223625 0.3284403 2 P 0
L 0.4989046 2.5993748 0.5040825 2.5873582 2 P 0
L 0.4994756 0.3383487 0.5228887 0.3363003 2 P 0
L 0.4998323 2.5188822 0.4998482 2.5189038 0 P 0
L 0.4998482 2.5189038 0.5080552 2.5300656 0 P 0
L 0.4999598 2.5499218 0.5026082 2.5618954 0 P 0
L 0.5001623 0.3422406 0.5230604 0.3402373 0 P 0
L 0.5003041 2.5861779 0.5027246 2.5741565 0 P 0
L 0.5011936 2.6166082 0.5087826 2.6058656 0 P 0
L 0.5011936 2.6166082 0.5232763 2.619763 0 P 0
L 0.5026082 2.5618954 0.5027246 2.5741565 0 P 0
L 0.503715 2.5486696 0.5065411 2.5614467 2 P 0
L 0.5040825 2.5873582 0.5066653 2.5745308 2 P 0
L 0.5053129 2.5331256 0.5053218 2.5331453 2 P 0
L 0.5053218 2.5331453 0.5110487 2.5457717 2 P 0
L 0.5059747 2.6028696 0.5059797 2.6028579 2 P 0
L 0.5059797 2.6028579 0.5114733 2.5901088 2 P 0
L 0.5065411 2.5614467 0.5066653 2.5745308 2 P 0
L 0.5080552 2.5300656 0.5080711 2.5300872 0 P 0
L 0.5087826 2.6058656 0.5087901 2.605855 0 P 0
L 0.5088984 2.5314993 0.5146432 2.5441651 0 P 0
L 0.5095904 2.6044275 0.515094 2.5916551 0 P 0
L 0.5110487 2.5457717 0.5110577 2.5457914 2 P 0
L 0.5113165 2.5465675 0.5143201 2.5601471 2 P 0
L 0.5114733 2.5901088 0.5114783 2.5900972 2 P 0
L 0.5117223 2.5893161 0.511725 2.5893027 2 P 0
L 0.511725 2.5893027 0.5144648 2.5756956 2 P 0
L 0.5144128 2.5609602 0.5144129 2.5609735 2 P 0
L 0.5144129 2.5609735 0.5145447 2.5748541 2 P 0
L 0.5144648 2.5756956 0.5144675 2.5756821 2 P 0
L 0.5145447 2.5748541 0.5145448 2.5748674 2 P 0
L 0.5151606 2.5457173 0.5181642 2.5592969 0 P 0
L 0.5155819 2.5900932 0.5183271 2.5764592 0 P 0
L 0.5183496 2.5609229 0.5183499 2.5609497 0 P 0
L 0.5183499 2.5609497 0.5184813 2.5748032 0 P 0
L 0.5184813 2.5748032 0.5184816 2.5748301 0 P 0
L 0.5215753 2.6354298 0.5216033 2.6354338 0 P 0
L 0.5220064 0.3245194 0.5220307 0.3245173 0 P 0
L 0.5221466 2.6315345 0.5221601 2.6315364 2 P 0
L 0.5223625 0.3284403 0.5223738 0.3284393 2 P 0
L 0.522717 0.3244873 3.987284 0.3244873 0 P 0
L 0.522717 0.3284243 3.987284 0.3284243 2 P 0
L 0.522717 2.631576 3.987284 2.631576 2 P 0
L 0.522717 2.635513 3.987284 2.635513 0 P 0
L 0.5228887 0.3363003 3.9871123 0.3363003 2 P 0
L 0.5229967 2.6237 3.9871086 2.6237 2 P 0
L 0.5230604 0.3402373 3.9869406 0.3402373 0 P 0
L 0.5232763 2.619763 3.9869322 2.619763 0 P 0
L 2.578228 0.775 2.578228 0.805 1 P 0
L 2.578228 0.775 2.731772 0.775 1 P 0
L 2.578228 0.805 2.731772 0.805 1 P 0
L 2.731772 0.775 2.731772 0.805 1 P 0
L 3.9869322 2.619763 4.0103376 2.6176692 0 P 0
L 3.9869406 0.3402373 4.0098389 0.3422406 0 P 0
L 3.9871086 2.6237 4.0110387 2.6215593 2 P 0
L 3.9871123 0.3363003 4.0105256 0.3383487 2 P 0
L 3.9876272 0.3284393 3.9876385 0.3284403 2 P 0
L 3.9876349 2.6315603 3.9876514 2.6315588 2 P 0
L 3.9876385 0.3284403 4.0115439 0.3305317 2 P 0
L 3.9876514 2.6315588 4.0120751 2.629374 2 P 0
L 3.9879703 0.3245173 3.9879946 0.3245194 0 P 0
L 3.9879857 2.6354817 4.0124425 2.6332939 0 P 0
L 3.9879946 0.3245194 4.0118741 0.3266086 0 P 0
L 4.0098389 0.3422406 4.0317092 0.3481008 0 P 0
L 4.0103376 2.6176692 4.0326591 2.611548 0 P 0
L 4.0105256 0.3383487 4.0330608 0.344387 2 P 0
L 4.0110387 2.6215593 4.0340397 2.6152517 2 P 0
L 4.0115439 0.3305317 4.0115552 0.3305327 2 P 0
L 4.0118741 0.3266086 4.0118983 0.3266107 0 P 0
L 4.0120751 2.629374 4.0120917 2.6293725 2 P 0
L 4.0122312 0.3306519 4.0122442 0.3306554 2 P 0
L 4.0122442 0.3306554 4.035419 0.3368651 2 P 0
L 4.0127823 2.629248 4.0364623 2.6227542 2 P 0
L 4.0132502 0.326849 4.036451 0.3330657 0 P 0
L 4.0138176 2.6330464 4.0138235 2.6330448 0 P 0
L 4.0138235 2.6330448 4.0138293 2.6330432 0 P 0
L 4.0138293 2.6330432 4.0374976 2.6265526 0 P 0
L 4.0317092 0.3481008 4.0522293 0.3576695 0 P 0
L 4.0326591 2.611548 4.0535396 2.6015626 0 P 0
L 4.0330608 0.344387 4.0542052 0.3542469 2 P 0
L 4.0340397 2.6152517 4.0555559 2.6049624 2 P 0
L 4.035419 0.3368651 4.035432 0.3368686 2 P 0
L 4.0360771 0.3371034 4.0360895 0.3371092 2 P 0
L 4.0360895 0.3371092 4.0578334 0.3472486 2 P 0
L 4.0371197 2.6225091 4.0592717 2.6119157 2 P 0
L 4.0374976 2.6265526 4.0375035 2.626551 0 P 0
L 4.0375035 2.626551 4.0375093 2.6265494 0 P 0
L 4.0377409 0.3335352 4.0595097 0.3436862 0 P 0
L 4.0388182 2.6260608 4.0388437 2.6260486 0 P 0
L 4.0388437 2.6260486 4.0609447 2.6154796 0 P 0
L 4.0522293 0.3576695 4.0707759 0.3706559 0 P 0
L 4.0535396 2.6015626 4.072316 2.5880294 0 P 0
L 4.0542052 0.3542469 4.073316 0.3676283 2 P 0
L 4.0555559 2.6049624 4.0749038 2.5910171 2 P 0
L 4.0578334 0.3472486 4.0578459 0.3472544 2 P 0
L 4.0584403 0.3475976 4.0584552 0.3476081 2 P 0
L 4.0584552 0.3476081 4.078101 0.361364 2 P 0
L 4.0598754 2.6115577 4.0797946 2.5972007 2 P 0
L 4.0606985 0.3443726 4.0607152 0.3443843 0 P 0
L 4.0607152 0.3443843 4.0803573 0.3581377 0 P 0
L 4.0609447 2.6154796 4.0609702 2.6154674 0 P 0
L 4.0621774 2.6147515 4.0621926 2.6147405 0 P 0
L 4.0621926 2.6147405 4.0820814 2.6004055 0 P 0
L 4.0707759 0.3706559 4.086786 0.3866658 0 P 0
L 4.072316 2.5880294 4.0883929 2.5713786 0 P 0
L 4.073316 0.3676283 4.0898136 0.3841257 2 P 0
L 4.0749038 2.5910171 4.0914698 2.5738598 2 P 0
L 4.078101 0.361364 4.0781159 0.3613745 2 P 0
L 4.0786418 0.3618157 4.0956262 0.3787999 2 P 0
L 4.0803184 2.5967481 4.080325 2.5967413 2 P 0
L 4.080325 2.5967413 4.0803315 2.5967345 2 P 0
L 4.0803315 2.5967345 4.097374 2.5790837 2 P 0
L 4.0803573 0.3581377 4.0803741 0.3581495 0 P 0
L 4.0814256 0.3590318 4.0814389 0.3590451 0 P 0
L 4.0814389 0.3590451 4.0983967 0.3760027 0 P 0
L 4.0820814 2.6004055 4.0820966 2.6003945 0 P 0
L 4.0831572 2.599476 4.0831678 2.599465 0 P 0
L 4.0831678 2.599465 4.1002022 2.5818226 0 P 0
L 4.086786 0.3866658 4.0997725 0.4052125 0 P 0
L 4.0883929 2.5713786 4.101259 2.5521385 0 P 0
L 4.0898136 0.3841257 4.1031949 0.4032363 2 P 0
L 4.0914698 2.5738598 4.1047276 2.5540342 2 P 0
L 4.0960674 0.3793258 4.0960779 0.3793407 2 P 0
L 4.0960779 0.3793407 4.1098337 0.3989862 2 P 0
L 4.097374 2.5790837 4.0973806 2.5790769 2 P 0
L 4.0973806 2.5790769 4.0973871 2.5790701 2 P 0
L 4.0978211 2.5785307 4.1114703 2.5581197 2 P 0
L 4.0983967 0.3760027 4.09841 0.376016 0 P 0
L 4.0992924 0.3770676 4.0993041 0.3770844 0 P 0
L 4.0993041 0.3770844 4.1130575 0.3967263 0 P 0
L 4.0997725 0.4052125 4.1093412 0.4257323 0 P 0
L 4.1002022 2.5818226 4.1002128 2.5818116 0 P 0
L 4.1010938 2.5807192 4.114743 2.5603082 0 P 0
L 4.101259 2.5521385 4.1105066 2.5309203 0 P 0
L 4.1031949 0.4032363 4.113055 0.4243809 2 P 0
L 4.1047276 2.5540342 4.1142563 2.5321708 2 P 0
L 4.1093412 0.4257323 4.1152006 0.4476024 0 P 0
L 4.1098337 0.3989862 4.1098442 0.3990012 2 P 0
L 4.1101874 0.3995956 4.1101932 0.3996081 2 P 0
L 4.1101932 0.3996081 4.1203328 0.4213521 2 P 0
L 4.1105066 2.5309203 4.1159998 2.5077263 0 P 0
L 4.1118068 2.557504 4.1118118 2.5574925 2 P 0
L 4.1118118 2.5574925 4.1216122 2.5350058 2 P 0
L 4.113055 0.4243809 4.1190926 0.4469159 2 P 0
L 4.1130575 0.3967263 4.1130692 0.396743 0 P 0
L 4.1137555 0.3979317 4.1137651 0.3979523 0 P 0
L 4.1137651 0.3979523 4.1238971 0.4196801 0 P 0
L 4.1142563 2.5321708 4.119834 2.50862 2 P 0
L 4.1152006 0.4476024 4.1172042 0.4705011 0 P 0
L 4.115416 2.5590769 4.1252264 2.5365673 0 P 0
L 4.1159998 2.5077263 4.116003 2.5077127 0 P 0
L 4.1172042 0.4705011 4.1172042 2.5050264 0 P 0
L 4.1190926 0.4469159 4.1211412 0.4703294 2 P 0
L 4.1203328 0.4213521 4.1203386 0.4213645 2 P 0
L 4.1205734 0.4220097 4.1205785 0.4220286 2 P 0
L 4.1205785 0.4220286 4.1267843 0.4451916 2 P 0
L 4.1211412 0.4703294 4.1211412 2.5065055 2 P 0
L 4.1216122 2.5350058 4.1216172 2.5349944 2 P 0
L 4.1218392 2.5343286 4.126884 2.5130277 2 P 0
L 4.1238971 0.4196801 4.1239067 0.4197006 0 P 0
L 4.1243763 0.4209908 4.1243808 0.4210074 0 P 0
L 4.1243808 0.4210074 4.1305878 0.4441751 0 P 0
L 4.1256702 2.5352359 4.1256734 2.5352223 0 P 0
L 4.1256734 2.5352223 4.1303794 2.515352 0 P 0
L 4.1267843 0.4451916 4.1267894 0.4452106 2 P 0
L 4.1269086 0.4458865 4.1269096 0.4458978 2 P 0
L 4.1269096 0.4458978 4.1290012 0.469803 2 P 0
L 4.1290012 0.469803 4.1290022 0.4698144 2 P 0
L 4.1290172 0.4701576 4.1290172 2.5095276 2 P 0
L 4.1305878 0.4441751 4.1305923 0.4441917 0 P 0
L 4.1308306 0.4455433 4.1308325 0.4455645 0 P 0
L 4.1308325 0.4455645 4.1329223 0.4694499 0 P 0
L 4.1329223 0.4694499 4.1329242 0.4694712 0 P 0
L 4.1329542 0.4701576 4.1329542 2.5095276 0 P 0
P 0.5288662 2.07937 3 P 0 0
P 0.5288662 2.07937 3 P 0 0
