#Layer_Color=9474304
#
#Feature symbol names
#
$0 r5

#
#Feature attribute names
#

#
#Layer features
#
L 0.866063 2.235 0.873937 2.235 0 P 0
L 0.869961 1.518 0.877835 1.518 0 P 0
L 0.87 2.231063 0.87 2.238937 0 P 0
L 0.873898 1.514063 0.873898 1.521937 0 P 0
L 0.929803 0.92726 0.937677 0.92726 0 P 0
L 0.931063 2.2 0.938937 2.2 0 P 0
L 0.93374 0.923323 0.93374 0.931197 0 P 0
L 0.935 2.196063 0.935 2.203937 0 P 0
L 0.948063 0.973 0.955937 0.973 0 P 0
L 0.952 0.969063 0.952 0.976937 0 P 0
L 0.952457 1.328 0.960331 1.328 0 P 0
L 0.956394 1.324063 0.956394 1.331937 0 P 0
L 0.960063 1.598 0.967937 1.598 0 P 0
L 0.964 1.594063 0.964 1.601937 0 P 0
L 1.007597 1.518 1.015471 1.518 0 P 0
L 1.011534 1.514063 1.011534 1.521937 0 P 0
L 1.021063 2.15 1.028937 2.15 0 P 0
L 1.025 2.146063 1.025 2.153937 0 P 0
L 1.026063 2.18 1.033937 2.18 0 P 0
L 1.03 2.176063 1.03 2.183937 0 P 0
L 1.050827 1.289 1.058701 1.289 0 P 0
L 1.054764 1.285063 1.054764 1.292937 0 P 0
L 1.095157 1.159906 1.103031 1.159906 0 P 0
L 1.099094 1.155969 1.099094 1.163843 0 P 0
L 1.186063 0.98 1.193937 0.98 0 P 0
L 1.19 0.976063 1.19 0.983937 0 P 0
L 1.226063 2.135 1.233937 2.135 0 P 0
L 1.23 2.131063 1.23 2.138937 0 P 0
L 1.235691 0.45 1.243565 0.45 0 P 0
L 1.236063 0.547 1.243937 0.547 0 P 0
L 1.239628 0.446063 1.239628 0.453937 0 P 0
L 1.24 0.543063 1.24 0.550937 0 P 0
L 1.253063 1.147 1.260937 1.147 0 P 0
L 1.253063 1.304 1.260937 1.304 0 P 0
L 1.257 1.143063 1.257 1.150937 0 P 0
L 1.257 1.300063 1.257 1.307937 0 P 0
L 1.271063 2.12 1.278937 2.12 0 P 0
L 1.275 2.116063 1.275 2.123937 0 P 0
L 1.354063 0.557 1.361937 0.557 0 P 0
L 1.358 0.553063 1.358 0.560937 0 P 0
L 1.359237 0.803174 1.367111 0.803174 0 P 0
L 1.363174 0.799237 1.363174 0.807111 0 P 0
L 1.371515 0.870452 1.379389 0.870452 0 P 0
L 1.375452 0.866515 1.375452 0.874389 0 P 0
L 1.403063 1.598 1.410937 1.598 0 P 0
L 1.407 1.594063 1.407 1.601937 0 P 0
L 1.418859 0.982796 1.426733 0.982796 0 P 0
L 1.422796 0.978859 1.422796 0.986733 0 P 0
L 1.436063 1.63 1.443937 1.63 0 P 0
L 1.44 1.626063 1.44 1.633937 0 P 0
L 1.444063 0.956 1.451937 0.956 0 P 0
L 1.448 0.952063 1.448 0.959937 0 P 0
L 1.461063 1.63 1.468937 1.63 0 P 0
L 1.465 1.626063 1.465 1.633937 0 P 0
L 1.483239 1.479176 1.491113 1.479176 0 P 0
L 1.487176 1.475239 1.487176 1.483113 0 P 0
L 1.546063 0.52 1.553937 0.52 0 P 0
L 1.546063 1.995 1.553937 1.995 0 P 0
L 1.55 0.516063 1.55 0.523937 0 P 0
L 1.55 1.991063 1.55 1.998937 0 P 0
L 1.571063 2.085 1.578937 2.085 0 P 0
L 1.575 2.081063 1.575 2.088937 0 P 0
L 1.595827 2.214764 1.603701 2.214764 0 P 0
L 1.599764 2.210827 1.599764 2.218701 0 P 0
L 1.611063 2.075 1.618937 2.075 0 P 0
L 1.615 2.071063 1.615 2.078937 0 P 0
L 1.623465 1.271 1.631339 1.271 0 P 0
L 1.627402 1.267063 1.627402 1.274937 0 P 0
L 1.653063 2.285 1.660937 2.285 0 P 0
L 1.657 2.281063 1.657 2.288937 0 P 0
L 1.661063 2.405 1.668937 2.405 0 P 0
L 1.665 2.401063 1.665 2.408937 0 P 0
L 1.686063 2.385 1.693937 2.385 0 P 0
L 1.69 2.381063 1.69 2.388937 0 P 0
L 1.703063 2.108 1.710937 2.108 0 P 0
L 1.707 2.104063 1.707 2.111937 0 P 0
L 1.779063 0.763 1.786937 0.763 0 P 0
L 1.783 0.759063 1.783 0.766937 0 P 0
L 1.820063 2.37 1.827937 2.37 0 P 0
L 1.824 2.366063 1.824 2.373937 0 P 0
L 1.838523 0.70246 1.846397 0.70246 0 P 0
L 1.84246 0.698523 1.84246 0.706397 0 P 0
L 1.881831 0.67846 1.889705 0.67846 0 P 0
L 1.881831 0.70246 1.889705 0.70246 0 P 0
L 1.885768 0.674523 1.885768 0.682397 0 P 0
L 1.885768 0.698523 1.885768 0.706397 0 P 0
L 1.925137 0.70246 1.933011 0.70246 0 P 0
L 1.929074 0.698523 1.929074 0.706397 0 P 0
L 2.011753 0.70246 2.019627 0.70246 0 P 0
L 2.01569 0.698523 2.01569 0.706397 0 P 0
L 2.034063 1.750964 2.041937 1.750964 0 P 0
L 2.038 1.747027 2.038 1.754901 0 P 0
L 2.087063 1.634 2.094937 1.634 0 P 0
L 2.091 1.630063 2.091 1.637937 0 P 0
L 2.098367 0.70246 2.106241 0.70246 0 P 0
L 2.102304 0.698523 2.102304 0.706397 0 P 0
L 2.110063 0.726 2.117937 0.726 0 P 0
L 2.114 0.722063 2.114 0.729937 0 P 0
L 2.181063 0.69 2.188937 0.69 0 P 0
L 2.185 0.686063 2.185 0.693937 0 P 0
L 2.200379 1.668 2.208253 1.668 0 P 0
L 2.204316 1.664063 2.204316 1.671937 0 P 0
L 2.212063 1.239 2.219937 1.239 0 P 0
L 2.216 1.235063 2.216 1.242937 0 P 0
L 2.260063 1.678 2.267937 1.678 0 P 0
L 2.261063 0.8 2.268937 0.8 0 P 0
L 2.264 1.674063 2.264 1.681937 0 P 0
L 2.265 0.796063 2.265 0.803937 0 P 0
L 2.267063 1.241 2.274937 1.241 0 P 0
L 2.271 1.237063 2.271 1.244937 0 P 0
L 2.276063 1.618426 2.283937 1.618426 0 P 0
L 2.276063 2.235 2.283937 2.235 0 P 0
L 2.28 1.614489 2.28 1.622363 0 P 0
L 2.28 2.231063 2.28 2.238937 0 P 0
L 2.298063 1.462 2.305937 1.462 0 P 0
L 2.302 1.458063 2.302 1.465937 0 P 0
L 2.305299 1.654236 2.313173 1.654236 0 P 0
L 2.308063 1.24 2.315937 1.24 0 P 0
L 2.309236 1.650299 2.309236 1.658173 0 P 0
L 2.312 1.236063 2.312 1.243937 0 P 0
L 2.320063 1.618 2.327937 1.618 0 P 0
L 2.324 1.614063 2.324 1.621937 0 P 0
L 2.337063 1.311 2.344937 1.311 0 P 0
L 2.341 1.307063 2.341 1.314937 0 P 0
L 2.398063 1.640946 2.405937 1.640946 0 P 0
L 2.398063 1.680316 2.405937 1.680316 0 P 0
L 2.402 1.637009 2.402 1.644883 0 P 0
L 2.402 1.676379 2.402 1.684253 0 P 0
L 2.422063 1.904 2.429937 1.904 0 P 0
L 2.426 1.900063 2.426 1.907937 0 P 0
L 2.456063 0.85 2.463937 0.85 0 P 0
L 2.46 0.846063 2.46 0.853937 0 P 0
L 2.482965 1.257 2.490839 1.257 0 P 0
L 2.486902 1.253063 2.486902 1.260937 0 P 0
L 2.499063 1.213 2.506937 1.213 0 P 0
L 2.502649 1.334 2.510523 1.334 0 P 0
L 2.503 1.209063 2.503 1.216937 0 P 0
L 2.504063 2.492 2.511937 2.492 0 P 0
L 2.506586 1.330063 2.506586 1.337937 0 P 0
L 2.508 2.488063 2.508 2.495937 0 P 0
L 2.522335 1.437 2.530209 1.437 0 P 0
L 2.526272 1.433063 2.526272 1.440937 0 P 0
L 2.538063 1.602 2.545937 1.602 0 P 0
L 2.542 1.598063 2.542 1.605937 0 P 0
L 2.557731 2.274 2.565605 2.274 0 P 0
L 2.561668 2.270063 2.561668 2.277937 0 P 0
L 2.592063 2.226 2.599937 2.226 0 P 0
L 2.595063 1.208 2.602937 1.208 0 P 0
L 2.596 2.222063 2.596 2.229937 0 P 0
L 2.599 1.204063 2.599 1.211937 0 P 0
L 2.611063 0.66 2.618937 0.66 0 P 0
L 2.615 0.656063 2.615 0.663937 0 P 0
L 2.625063 1.279 2.632937 1.279 0 P 0
L 2.629 1.275063 2.629 1.282937 0 P 0
L 2.640445 1.807 2.648319 1.807 0 P 0
L 2.644382 1.803063 2.644382 1.810937 0 P 0
L 2.670063 1.439 2.677937 1.439 0 P 0
L 2.674 1.435063 2.674 1.442937 0 P 0
L 2.681063 0.965 2.688937 0.965 0 P 0
L 2.681063 1.216 2.688937 1.216 0 P 0
L 2.685 0.961063 2.685 0.968937 0 P 0
L 2.685 1.212063 2.685 1.219937 0 P 0
L 2.731063 1.175 2.738937 1.175 0 P 0
L 2.735 1.171063 2.735 1.178937 0 P 0
L 2.740063 0.484 2.747937 0.484 0 P 0
L 2.744 0.480063 2.744 0.487937 0 P 0
L 2.751063 1.735 2.758937 1.735 0 P 0
L 2.755 1.731063 2.755 1.738937 0 P 0
L 2.760063 1.161 2.767937 1.161 0 P 0
L 2.764 1.157063 2.764 1.164937 0 P 0
L 2.767063 1.216 2.774937 1.216 0 P 0
L 2.771 1.212063 2.771 1.219937 0 P 0
L 2.796693 0.770316 2.804567 0.770316 0 P 0
L 2.796693 0.79 2.804567 0.79 0 P 0
L 2.796693 0.809686 2.804567 0.809686 0 P 0
L 2.80063 0.766379 2.80063 0.774253 0 P 0
L 2.80063 0.786063 2.80063 0.793937 0 P 0
L 2.80063 0.805749 2.80063 0.813623 0 P 0
L 2.806063 1.835 2.813937 1.835 0 P 0
L 2.81 1.831063 2.81 1.838937 0 P 0
L 2.816379 0.770316 2.824253 0.770316 0 P 0
L 2.816379 0.79 2.824253 0.79 0 P 0
L 2.816379 0.809686 2.824253 0.809686 0 P 0
L 2.817611 1.341 2.825485 1.341 0 P 0
L 2.820316 0.766379 2.820316 0.774253 0 P 0
L 2.820316 0.786063 2.820316 0.793937 0 P 0
L 2.820316 0.805749 2.820316 0.813623 0 P 0
L 2.821548 1.337063 2.821548 1.344937 0 P 0
L 2.836063 0.770316 2.843937 0.770316 0 P 0
L 2.836063 0.79 2.843937 0.79 0 P 0
L 2.836063 0.809686 2.843937 0.809686 0 P 0
L 2.84 0.766379 2.84 0.774253 0 P 0
L 2.84 0.786063 2.84 0.793937 0 P 0
L 2.84 0.805749 2.84 0.813623 0 P 0
L 2.842063 1.433 2.849937 1.433 0 P 0
L 2.846 1.429063 2.846 1.436937 0 P 0
L 2.846063 1.12 2.853937 1.12 0 P 0
L 2.846063 1.185 2.853937 1.185 0 P 0
L 2.85 1.116063 2.85 1.123937 0 P 0
L 2.85 1.181063 2.85 1.188937 0 P 0
L 2.855749 0.770316 2.863623 0.770316 0 P 0
L 2.855749 0.79 2.863623 0.79 0 P 0
L 2.855749 0.809686 2.863623 0.809686 0 P 0
L 2.856827 1.452 2.864701 1.452 0 P 0
L 2.859686 0.766379 2.859686 0.774253 0 P 0
L 2.859686 0.786063 2.859686 0.793937 0 P 0
L 2.859686 0.805749 2.859686 0.813623 0 P 0
L 2.860764 1.448063 2.860764 1.455937 0 P 0
L 2.8644571 1.5 2.8723311 1.5 0 P 0
L 2.8683941 1.496063 2.8683941 1.503937 0 P 0
L 2.875433 0.770316 2.883307 0.770316 0 P 0
L 2.875433 0.79 2.883307 0.79 0 P 0
L 2.875433 0.809686 2.883307 0.809686 0 P 0
L 2.87937 0.766379 2.87937 0.774253 0 P 0
L 2.87937 0.786063 2.87937 0.793937 0 P 0
L 2.87937 0.805749 2.87937 0.813623 0 P 0
L 2.898063 2.44 2.905937 2.44 0 P 0
L 2.902 2.436063 2.902 2.443937 0 P 0
L 2.905285 0.965778 2.913159 0.965778 0 P 0
L 2.909222 0.961841 2.909222 0.969715 0 P 0
L 2.937063 1.169 2.944937 1.169 0 P 0
L 2.941 1.165063 2.941 1.172937 0 P 0
L 2.946063 0.74 2.953937 0.74 0 P 0
L 2.95 0.736063 2.95 0.743937 0 P 0
L 2.961063 0.385 2.968937 0.385 0 P 0
L 2.965 0.381063 2.965 0.388937 0 P 0
L 2.966063 0.3599223 2.973937 0.3599223 0 P 0
L 2.97 0.3559853 2.97 0.3638593 0 P 0
L 2.991063 0.425 2.998937 0.425 0 P 0
L 2.994063 2.338 3.001937 2.338 0 P 0
L 2.995 0.421063 2.995 0.428937 0 P 0
L 2.998 2.334063 2.998 2.341937 0 P 0
L 3.004063 0.655 3.011937 0.655 0 P 0
L 3.008 0.651063 3.008 0.658937 0 P 0
L 3.011063 1.877166 3.018937 1.877166 0 P 0
L 3.015 1.873229 3.015 1.881103 0 P 0
L 3.020063 1.58189 3.027937 1.58189 0 P 0
L 3.024 1.577953 3.024 1.585827 0 P 0
L 3.046063 0.675 3.053937 0.675 0 P 0
L 3.046063 0.79 3.053937 0.79 0 P 0
L 3.05 0.671063 3.05 0.678937 0 P 0
L 3.05 0.786063 3.05 0.793937 0 P 0
L 3.071063 1.35 3.078937 1.35 0 P 0
L 3.075 1.346063 3.075 1.353937 0 P 0
L 3.076063 1.025 3.083937 1.025 0 P 0
L 3.08 1.021063 3.08 1.028937 0 P 0
L 3.081063 1.702 3.088937 1.702 0 P 0
L 3.085 1.698063 3.085 1.705937 0 P 0
L 3.091063 1.35 3.098937 1.35 0 P 0
L 3.092063 1.93622 3.099937 1.93622 0 P 0
L 3.095 1.346063 3.095 1.353937 0 P 0
L 3.096 1.932283 3.096 1.940157 0 P 0
L 3.102063 1.618 3.109937 1.618 0 P 0
L 3.106 1.614063 3.106 1.621937 0 P 0
L 3.145063 2.507 3.152937 2.507 0 P 0
L 3.149 2.503063 3.149 2.510937 0 P 0
L 3.185747 1.698316 3.193621 1.698316 0 P 0
L 3.187063 2.485 3.194937 2.485 0 P 0
L 3.189684 1.694379 3.189684 1.702253 0 P 0
L 3.191 2.481063 3.191 2.488937 0 P 0
L 3.201173 1.646 3.209047 1.646 0 P 0
L 3.20511 1.642063 3.20511 1.649937 0 P 0
L 3.381063 0.605 3.388937 0.605 0 P 0
L 3.385 0.601063 3.385 0.608937 0 P 0
L 3.418183 0.474 3.426057 0.474 0 P 0
L 3.42212 0.470063 3.42212 0.477937 0 P 0
L 3.443063 0.74 3.450937 0.74 0 P 0
L 3.447 0.736063 3.447 0.743937 0 P 0
L 3.451063 1.495 3.458937 1.495 0 P 0
L 3.455 1.491063 3.455 1.498937 0 P 0
L 3.472739 2.505236 3.480613 2.505236 0 P 0
L 3.476676 2.501299 3.476676 2.509173 0 P 0
L 3.519881 0.445 3.527755 0.445 0 P 0
L 3.523818 0.441063 3.523818 0.448937 0 P 0
L 3.528063 2.324 3.535937 2.324 0 P 0
L 3.530063 2.292 3.537937 2.292 0 P 0
L 3.532 2.320063 3.532 2.327937 0 P 0
L 3.534 2.288063 3.534 2.295937 0 P 0
L 3.554547 0.762516 3.562421 0.762516 0 P 0
L 3.558484 0.758579 3.558484 0.766453 0 P 0
L 3.581063 1.435 3.588937 1.435 0 P 0
L 3.585 1.431063 3.585 1.438937 0 P 0
L 3.632175 0.786112 3.640049 0.786112 0 P 0
L 3.632619 0.744 3.640493 0.744 0 P 0
L 3.636112 0.782175 3.636112 0.790049 0 P 0
L 3.636556 0.740063 3.636556 0.747937 0 P 0
L 3.649063 0.445 3.656937 0.445 0 P 0
L 3.649063 0.628 3.656937 0.628 0 P 0
L 3.653 0.441063 3.653 0.448937 0 P 0
L 3.653 0.624063 3.653 0.631937 0 P 0
L 3.691063 1.395 3.698937 1.395 0 P 0
L 3.695 1.391063 3.695 1.398937 0 P 0
L 3.736063 0.53 3.743937 0.53 0 P 0
L 3.74 0.526063 3.74 0.533937 0 P 0
L 3.821063 1.300748 3.828937 1.300748 0 P 0
L 3.821063 1.435 3.828937 1.435 0 P 0
L 3.825 1.296811 3.825 1.304685 0 P 0
L 3.825 1.431063 3.825 1.438937 0 P 0
L 3.831063 0.735 3.838937 0.735 0 P 0
L 3.835 0.731063 3.835 0.738937 0 P 0
L 3.841063 0.465 3.848937 0.465 0 P 0
L 3.845 0.461063 3.845 0.468937 0 P 0
L 3.866063 1.475 3.873937 1.475 0 P 0
L 3.87 1.471063 3.87 1.478937 0 P 0
L 3.911287 2.600078 3.919161 2.600078 0 P 0
L 3.915224 2.596141 3.915224 2.604015 0 P 0
L 3.9203549 0.450472 4.0542131 0.450472 0 P 0
L 3.9215744 2.41004 3.9491334 2.41004 0 P 0
L 3.926063 2.555 3.933937 2.555 0 P 0
L 3.93 2.551063 3.93 2.558937 0 P 0
L 3.9353539 2.3962605 3.9353539 2.4238195 0 P 0
L 3.966063 0.88 3.973937 0.88 0 P 0
L 3.97 0.876063 3.97 0.883937 0 P 0
L 3.976063 1.395 3.983937 1.395 0 P 0
L 3.976063 1.429568 3.983937 1.429568 0 P 0
L 3.976063 1.465 3.983937 1.465 0 P 0
L 3.98 1.391063 3.98 1.398937 0 P 0
L 3.98 1.425631 3.98 1.433505 0 P 0
L 3.98 1.461063 3.98 1.468937 0 P 0
L 3.9802051 0.8941421 3.9880791 0.8941421 0 P 0
L 3.9841421 0.8902051 3.9841421 0.8980791 0 P 0
L 3.987284 0.3835429 3.987284 0.5174011 0 P 0
L 4.0003144 2.41004 4.0278734 2.41004 0 P 0
L 4.0140939 2.3962605 4.0140939 2.4238195 0 P 0
L 4.016063 2.509 4.023937 2.509 0 P 0
L 4.02 2.505063 4.02 2.512937 0 P 0
L 4.080401 1.355 4.088275 1.355 0 P 0
L 4.084338 1.351063 4.084338 1.358937 0 P 0
