#Layer_Color=32768
#
#Feature symbol names
#
$0 r3.937
$1 r1.9685

#
#Feature attribute names
#

#
#Layer features
#
L 0.398308 0.545 0.398308 1.145 1 P 0
L 0.398308 0.545 1.352834 0.545 1 P 0
L 0.398308 1.145 1.352834 1.145 1 P 0
L 0.810582 1.433662 0.810582 1.516338 1 P 0
L 0.810582 1.433662 0.964124 1.433662 1 P 0
L 0.810582 1.516338 0.964124 1.516338 1 P 0
L 0.835316 0.845 0.874686 0.845 1 P 0
L 0.835316 0.845 0.874686 0.845 1 P 0
L 0.855 0.825316 0.855 0.864686 1 P 0
L 0.855 0.825316 0.855 0.864686 1 P 0
L 0.868456 1.475 0.90625 1.475 0 P 0
L 0.887352 1.456102 0.887352 1.493898 0 P 0
L 0.921692 1.166378 0.921692 1.213622 1 P 0
L 0.921692 1.166378 1.008308 1.166378 1 P 0
L 0.921692 1.213622 1.008308 1.213622 1 P 0
L 0.9463 1.19 0.9837 1.19 0 P 0
L 0.964124 1.433662 0.964124 1.516338 1 P 0
L 0.965 1.1713 0.965 1.2087 0 P 0
L 0.968072 1.433662 0.968072 1.516338 1 P 0
L 0.968072 1.433662 1.10193 1.433662 1 P 0
L 0.968072 1.516338 1.10193 1.516338 1 P 0
L 0.968228 1.523662 0.968228 1.606338 1 P 0
L 0.968228 1.523662 1.12177 1.523662 1 P 0
L 0.968228 1.606338 1.12177 1.606338 1 P 0
L 0.989252 1.235472 0.989252 1.294528 1 P 0
L 0.989252 1.235472 1.020748 1.235472 1 P 0
L 0.989252 1.294528 1.020748 1.294528 1 P 0
L 0.994174 1.265 1.015826 1.265 0 P 0
L 1.005 1.254174 1.005 1.275826 0 P 0
L 1.008308 1.166378 1.008308 1.213622 1 P 0
L 1.015316 1.475 1.054686 1.475 0 P 0
L 1.020748 1.235472 1.020748 1.294528 1 P 0
L 1.026102 1.565 1.063896 1.565 0 P 0
L 1.035 1.455316 1.035 1.494686 0 P 0
L 1.045 1.546102 1.045 1.583898 0 P 0
L 1.10193 1.433662 1.10193 1.516338 1 P 0
L 1.12177 1.523662 1.12177 1.606338 1 P 0
L 1.144252 0.390158 1.144252 0.449212 1 P 0
L 1.144252 0.390158 1.175748 0.390158 1 P 0
L 1.144252 0.449212 1.175748 0.449212 1 P 0
L 1.149174 0.419686 1.170826 0.419686 0 P 0
L 1.16 0.408858 1.16 0.430512 0 P 0
L 1.175748 0.390158 1.175748 0.449212 1 P 0
L 1.28307 1.518662 1.28307 1.601338 1 P 0
L 1.28307 1.518662 1.41693 1.518662 1 P 0
L 1.28307 1.601338 1.41693 1.601338 1 P 0
L 1.330316 1.56 1.369686 1.56 0 P 0
L 1.35 1.540316 1.35 1.579686 0 P 0
L 1.352834 0.545 1.352834 1.145 1 P 0
L 1.398808 1.295708 1.398808 1.354764 1 P 0
L 1.398808 1.295708 1.430304 1.295708 1 P 0
L 1.398808 1.354764 1.430304 1.354764 1 P 0
L 1.40373 1.325236 1.425384 1.325236 0 P 0
L 1.414556 1.31441 1.414556 1.336064 0 P 0
L 1.41693 1.518662 1.41693 1.601338 1 P 0
L 1.430304 1.295708 1.430304 1.354764 1 P 0
L 1.434252 1.295472 1.434252 1.354528 1 P 0
L 1.434252 1.295472 1.465748 1.295472 1 P 0
L 1.434252 1.354528 1.465748 1.354528 1 P 0
L 1.439174 1.325 1.460826 1.325 0 P 0
L 1.45 1.314174 1.45 1.335826 0 P 0
L 1.463662 2.18307 1.463662 2.31693 1 P 0
L 1.463662 2.18307 1.546338 2.18307 1 P 0
L 1.463662 2.31693 1.546338 2.31693 1 P 0
L 1.465748 1.295472 1.465748 1.354528 1 P 0
L 1.485316 2.25 1.524686 2.25 0 P 0
L 1.505 2.230314 1.505 2.269686 0 P 0
L 1.538808 1.295472 1.538808 1.354528 1 P 0
L 1.538808 1.295472 1.570304 1.295472 1 P 0
L 1.538808 1.354528 1.570304 1.354528 1 P 0
L 1.54373 1.325 1.565384 1.325 0 P 0
L 1.546338 2.18307 1.546338 2.31693 1 P 0
L 1.554556 1.314174 1.554556 1.335826 0 P 0
L 1.570304 1.295472 1.570304 1.354528 1 P 0
L 1.570472 0.484252 1.570472 0.515748 1 P 0
L 1.570472 0.484252 1.629528 0.484252 1 P 0
L 1.570472 0.515748 1.629528 0.515748 1 P 0
L 1.570472 0.524252 1.570472 0.555748 1 P 0
L 1.570472 0.524252 1.629528 0.524252 1 P 0
L 1.570472 0.555748 1.629528 0.555748 1 P 0
L 1.574252 1.295472 1.574252 1.354528 1 P 0
L 1.574252 1.295472 1.605748 1.295472 1 P 0
L 1.574252 1.354528 1.605748 1.354528 1 P 0
L 1.579174 1.325 1.600826 1.325 0 P 0
L 1.589174 0.5 1.610826 0.5 0 P 0
L 1.589174 0.54 1.610826 0.54 0 P 0
L 1.59 1.314174 1.59 1.335826 0 P 0
L 1.6 0.489174 1.6 0.510826 0 P 0
L 1.6 0.529174 1.6 0.550826 0 P 0
L 1.605748 1.295472 1.605748 1.354528 1 P 0
L 1.629528 0.484252 1.629528 0.515748 1 P 0
L 1.629528 0.524252 1.629528 0.555748 1 P 0
L 1.654566 1.977284 1.654566 2.012716 1 P 0
L 1.654566 1.977284 1.725434 1.977284 1 P 0
L 1.654566 2.012716 1.725434 2.012716 1 P 0
L 1.654566 2.017284 1.654566 2.052716 1 P 0
L 1.654566 2.017284 1.725434 2.017284 1 P 0
L 1.654566 2.052716 1.725434 2.052716 1 P 0
L 1.654566 2.057284 1.654566 2.092716 1 P 0
L 1.654566 2.057284 1.725434 2.057284 1 P 0
L 1.654566 2.092716 1.725434 2.092716 1 P 0
L 1.654566 2.122284 1.654566 2.157716 1 P 0
L 1.654566 2.122284 1.725434 2.122284 1 P 0
L 1.654566 2.157716 1.725434 2.157716 1 P 0
L 1.654566 2.167284 1.654566 2.202716 1 P 0
L 1.654566 2.167284 1.725434 2.167284 1 P 0
L 1.654566 2.202716 1.725434 2.202716 1 P 0
L 1.654566 2.206664 1.654566 2.242096 1 P 0
L 1.654566 2.206664 1.725434 2.206664 1 P 0
L 1.654566 2.242096 1.725434 2.242096 1 P 0
L 1.679174 1.995 1.700826 1.995 0 P 0
L 1.679174 2.035 1.700826 2.035 0 P 0
L 1.679174 2.075 1.700826 2.075 0 P 0
L 1.679174 2.14 1.700826 2.14 0 P 0
L 1.679174 2.185 1.700826 2.185 0 P 0
L 1.679174 2.22438 1.700826 2.22438 0 P 0
L 1.69 1.984174 1.69 2.005826 0 P 0
L 1.69 2.024174 1.69 2.045826 0 P 0
L 1.69 2.064174 1.69 2.085826 0 P 0
L 1.69 2.129174 1.69 2.150826 0 P 0
L 1.69 2.174174 1.69 2.195826 0 P 0
L 1.69 2.213554 1.69 2.235206 0 P 0
L 1.711162 0.346398 1.711162 0.828682 1 P 0
L 1.711162 0.346398 2.218248 0.346398 1 P 0
L 1.711162 0.828682 2.218248 0.828682 1 P 0
L 1.725434 1.977284 1.725434 2.012716 1 P 0
L 1.725434 2.017284 1.725434 2.052716 1 P 0
L 1.725434 2.057284 1.725434 2.092716 1 P 0
L 1.725434 2.122284 1.725434 2.157716 1 P 0
L 1.725434 2.167284 1.725434 2.202716 1 P 0
L 1.725434 2.206664 1.725434 2.242096 1 P 0
L 1.72689 1.579696 1.72689 1.729302 1 P 0
L 1.72689 1.579696 1.96311 1.579696 1 P 0
L 1.72689 1.729302 1.96311 1.729302 1 P 0
L 1.743504 1.798808 1.743504 1.830306 1 P 0
L 1.743504 1.798808 1.806496 1.798808 1 P 0
L 1.743504 1.830306 1.806496 1.830306 1 P 0
L 1.743504 1.834252 1.743504 1.865748 1 P 0
L 1.743504 1.834252 1.806496 1.834252 1 P 0
L 1.743504 1.865748 1.806496 1.865748 1 P 0
L 1.763188 1.814556 1.786812 1.814556 0 P 0
L 1.763188 1.85 1.786812 1.85 0 P 0
L 1.775 1.802746 1.775 1.826368 0 P 0
L 1.775 1.83819 1.775 1.861812 0 P 0
L 1.783504 1.539252 1.783504 1.570748 1 P 0
L 1.783504 1.539252 1.846496 1.539252 1 P 0
L 1.783504 1.570748 1.846496 1.570748 1 P 0
L 1.783504 1.734252 1.783504 1.765748 1 P 0
L 1.783504 1.734252 1.846496 1.734252 1 P 0
L 1.783504 1.765748 1.846496 1.765748 1 P 0
L 1.803188 1.555 1.82681 1.555 0 P 0
L 1.80319 1.75 1.826812 1.75 0 P 0
L 1.806496 1.798808 1.806496 1.830306 1 P 0
L 1.806496 1.834252 1.806496 1.865748 1 P 0
L 1.815 1.543188 1.815 1.56681 0 P 0
L 1.815 1.73819 1.815 1.761812 0 P 0
L 1.825316 1.654498 1.864686 1.654498 0 P 0
L 1.845 1.634814 1.845 1.674184 0 P 0
L 1.846496 1.539252 1.846496 1.570748 1 P 0
L 1.846496 1.734252 1.846496 1.765748 1 P 0
L 1.859566 1.537284 1.859566 1.572716 1 P 0
L 1.859566 1.537284 1.930434 1.537284 1 P 0
L 1.859566 1.572716 1.930434 1.572716 1 P 0
L 1.859566 1.733248 1.859566 1.768682 1 P 0
L 1.859566 1.733248 1.930434 1.733248 1 P 0
L 1.859566 1.768682 1.930434 1.768682 1 P 0
L 1.884174 1.555 1.905826 1.555 0 P 0
L 1.884174 1.750964 1.905826 1.750964 0 P 0
L 1.892332 1.797284 1.892332 1.832716 1 P 0
L 1.892332 1.797284 1.9632 1.797284 1 P 0
L 1.892332 1.832716 1.9632 1.832716 1 P 0
L 1.892332 1.837284 1.892332 1.872716 1 P 0
L 1.892332 1.837284 1.9632 1.837284 1 P 0
L 1.892332 1.872716 1.9632 1.872716 1 P 0
L 1.895 1.544174 1.895 1.565826 0 P 0
L 1.895 1.740138 1.895 1.761792 0 P 0
L 1.91694 1.815 1.938592 1.815 0 P 0
L 1.91694 1.855 1.938592 1.855 0 P 0
L 1.927766 1.804174 1.927766 1.825826 0 P 0
L 1.927766 1.844174 1.927766 1.865826 0 P 0
L 1.930434 1.537284 1.930434 1.572716 1 P 0
L 1.930434 1.733248 1.930434 1.768682 1 P 0
L 1.945316 0.59 1.984686 0.59 0 P 0
L 1.96311 1.579696 1.96311 1.729302 1 P 0
L 1.9632 1.797284 1.9632 1.832716 1 P 0
L 1.9632 1.837284 1.9632 1.872716 1 P 0
L 1.965 0.570316 1.965 0.609686 0 P 0
L 2.109566 1.446012 2.109566 1.481446 1 P 0
L 2.109566 1.446012 2.180434 1.446012 1 P 0
L 2.109566 1.481446 2.180434 1.481446 1 P 0
L 2.134174 1.463728 2.155826 1.463728 0 P 0
L 2.145 1.452902 2.145 1.474556 0 P 0
L 2.180434 1.446012 2.180434 1.481446 1 P 0
L 2.218248 0.346398 2.218248 0.828682 1 P 0
L 2.244252 0.365472 2.244252 0.424528 1 P 0
L 2.244252 0.365472 2.275748 0.365472 1 P 0
L 2.244252 0.424528 2.275748 0.424528 1 P 0
L 2.249174 0.395 2.270826 0.395 0 P 0
L 2.26 0.384174 2.26 0.405826 0 P 0
L 2.275748 0.365472 2.275748 0.424528 1 P 0
L 2.284252 0.365472 2.284252 0.424528 1 P 0
L 2.284252 0.365472 2.315748 0.365472 1 P 0
L 2.284252 0.424528 2.315748 0.424528 1 P 0
L 2.289174 0.395 2.310826 0.395 0 P 0
L 2.3 0.384174 2.3 0.405826 0 P 0
L 2.315748 0.365472 2.315748 0.424528 1 P 0
L 2.324252 0.365472 2.324252 0.424528 1 P 0
L 2.324252 0.365472 2.355748 0.365472 1 P 0
L 2.324252 0.424528 2.355748 0.424528 1 P 0
L 2.329174 0.395 2.350826 0.395 0 P 0
L 2.34 0.384174 2.34 0.405826 0 P 0
L 2.355748 0.365472 2.355748 0.424528 1 P 0
L 2.364252 0.365472 2.364252 0.424528 1 P 0
L 2.364252 0.365472 2.395748 0.365472 1 P 0
L 2.364252 0.424528 2.395748 0.424528 1 P 0
L 2.369174 0.395 2.390826 0.395 0 P 0
L 2.38 0.384174 2.38 0.405826 0 P 0
L 2.395748 0.365472 2.395748 0.424528 1 P 0
L 2.404252 0.365472 2.404252 0.424528 1 P 0
L 2.404252 0.365472 2.435748 0.365472 1 P 0
L 2.404252 0.424528 2.435748 0.424528 1 P 0
L 2.409174 0.395 2.430826 0.395 0 P 0
L 2.42 0.384174 2.42 0.405826 0 P 0
L 2.435748 0.365472 2.435748 0.424528 1 P 0
L 2.52033 2.14807 2.52033 2.28193 1 P 0
L 2.52033 2.14807 2.603006 2.14807 1 P 0
L 2.52033 2.28193 2.603006 2.28193 1 P 0
L 2.541984 2.215 2.581354 2.215 0 P 0
L 2.561668 2.195316 2.561668 2.234686 0 P 0
L 2.578228 0.699448 2.578228 0.880552 0 P 0
L 2.578228 0.699448 2.731772 0.699448 0 P 0
L 2.578228 0.880552 2.731772 0.880552 0 P 0
L 2.593662 1.15307 2.593662 1.28693 1 P 0
L 2.593662 1.15307 2.676338 1.15307 1 P 0
L 2.593662 1.28693 2.676338 1.28693 1 P 0
L 2.603006 2.14807 2.603006 2.28193 1 P 0
L 2.615314 1.22 2.654686 1.22 0 P 0
L 2.635 1.200316 2.635 1.239686 0 P 0
L 2.635314 0.79 2.674686 0.79 0 P 0
L 2.655 0.770316 2.655 0.809686 0 P 0
L 2.676338 1.15307 2.676338 1.28693 1 P 0
L 2.731772 0.699448 2.731772 0.880552 0 P 0
L 2.751378 0.953188 2.751378 0.976812 1 P 0
L 2.751378 0.953188 2.798622 0.953188 1 P 0
L 2.751378 0.976812 2.798622 0.976812 1 P 0
L 2.76307 0.543662 2.76307 0.626338 1 P 0
L 2.76307 0.543662 2.89693 0.543662 1 P 0
L 2.76307 0.626338 2.89693 0.626338 1 P 0
L 2.768504 0.965 2.781496 0.965 1 P 0
L 2.775 0.958504 2.775 0.971496 1 P 0
L 2.794566 0.642284 2.794566 0.677716 1 P 0
L 2.794566 0.642284 2.865434 0.642284 1 P 0
L 2.794566 0.677716 2.865434 0.677716 1 P 0
L 2.798622 0.953188 2.798622 0.976812 1 P 0
L 2.81184 0.920472 2.81184 0.979528 1 P 0
L 2.81184 0.920472 2.843336 0.920472 1 P 0
L 2.81184 0.979528 2.843336 0.979528 1 P 0
L 2.812284 0.585 2.847716 0.585 0 P 0
L 2.814566 1.032284 2.814566 1.067716 1 P 0
L 2.814566 1.032284 2.885434 1.032284 1 P 0
L 2.814566 1.067716 2.885434 1.067716 1 P 0
L 2.816762 0.95 2.838416 0.95 0 P 0
L 2.819174 0.66 2.840826 0.66 0 P 0
L 2.827588 0.939174 2.827588 0.960826 0 P 0
L 2.83 0.567284 2.83 0.602716 0 P 0
L 2.83 0.649174 2.83 0.670826 0 P 0
L 2.839174 1.05 2.860826 1.05 0 P 0
L 2.843336 0.920472 2.843336 0.979528 1 P 0
L 2.847284 0.912628 2.847284 0.983494 1 P 0
L 2.847284 0.912628 2.882716 0.912628 1 P 0
L 2.847284 0.983494 2.882716 0.983494 1 P 0
L 2.85 1.039174 2.85 1.060826 0 P 0
L 2.854174 0.948062 2.875826 0.948062 0 P 0
L 2.865 0.937234 2.865 0.958888 0 P 0
L 2.865434 0.642284 2.865434 0.677716 1 P 0
L 2.882716 0.912628 2.882716 0.983494 1 P 0
L 2.885434 1.032284 2.885434 1.067716 1 P 0
L 2.89693 0.543662 2.89693 0.626338 1 P 0
L 2.935708 0.608808 2.935708 0.640304 1 P 0
L 2.935708 0.608808 2.994764 0.608808 1 P 0
L 2.935708 0.640304 2.994764 0.640304 1 P 0
L 2.935708 0.644252 2.935708 0.675748 1 P 0
L 2.935708 0.644252 2.994764 0.644252 1 P 0
L 2.935708 0.675748 2.994764 0.675748 1 P 0
L 2.947284 0.424566 2.947284 0.495434 1 P 0
L 2.947284 0.424566 2.982716 0.424566 1 P 0
L 2.947284 0.495434 2.982716 0.495434 1 P 0
L 2.948662 0.788228 2.948662 0.941772 1 P 0
L 2.948662 0.788228 3.031338 0.788228 1 P 0
L 2.948662 0.941772 3.031338 0.941772 1 P 0
L 2.954174 0.46 2.975826 0.46 0 P 0
L 2.95441 0.624556 2.976064 0.624556 0 P 0
L 2.95441 0.66 2.976064 0.66 0 P 0
L 2.965 0.449174 2.965 0.470826 0 P 0
L 2.965236 0.61373 2.965236 0.635384 0 P 0
L 2.965236 0.649174 2.965236 0.670826 0 P 0
L 2.971102 0.865 3.008898 0.865 0 P 0
L 2.972906 0.694566 2.972906 0.765434 1 P 0
L 2.972906 0.694566 3.008338 0.694566 1 P 0
L 2.972906 0.765434 3.008338 0.765434 1 P 0
L 2.979796 0.73 3.001448 0.73 0 P 0
L 2.982716 0.424566 2.982716 0.495434 1 P 0
L 2.99 0.846102 2.99 0.883898 0 P 0
L 2.990622 0.719174 2.990622 0.740826 0 P 0
L 2.994764 0.608808 2.994764 0.640304 1 P 0
L 2.994764 0.644252 2.994764 0.675748 1 P 0
L 3.008338 0.694566 3.008338 0.765434 1 P 0
L 3.012284 0.694566 3.012284 0.765434 1 P 0
L 3.012284 0.694566 3.047716 0.694566 1 P 0
L 3.012284 0.765434 3.047716 0.765434 1 P 0
L 3.019174 0.73 3.040826 0.73 0 P 0
L 3.03 0.719174 3.03 0.740826 0 P 0
L 3.031338 0.788228 3.031338 0.941772 1 P 0
L 3.047716 0.694566 3.047716 0.765434 1 P 0
L 3.04937 0.38563 3.04937 0.51949 1 P 0
L 3.04937 0.38563 3.132046 0.38563 1 P 0
L 3.04937 0.51949 3.132046 0.51949 1 P 0
L 3.071024 0.45256 3.110394 0.45256 0 P 0
L 3.086884 1.023662 3.086884 1.106338 1 P 0
L 3.086884 1.023662 3.130192 1.023662 1 P 0
L 3.086884 1.106338 3.130192 1.106338 1 P 0
L 3.090708 0.432876 3.090708 0.472246 0 P 0
L 3.097712 1.065 3.119366 1.065 0 P 0
L 3.108538 1.054174 3.108538 1.075826 0 P 0
L 3.130192 1.023662 3.130192 1.106338 1 P 0
L 3.132046 0.38563 3.132046 0.51949 1 P 0
L 3.182678 2.418346 3.182678 2.461654 1 P 0
L 3.182678 2.418346 3.265354 2.418346 1 P 0
L 3.182678 2.461654 3.265354 2.461654 1 P 0
L 3.183662 2.56376 3.183662 2.607068 1 P 0
L 3.183662 2.56376 3.266338 2.56376 1 P 0
L 3.183662 2.607068 3.266338 2.607068 1 P 0
L 3.202362 2.469252 3.202362 2.500748 1 P 0
L 3.202362 2.469252 3.261418 2.469252 1 P 0
L 3.202362 2.500748 3.261418 2.500748 1 P 0
L 3.21319 2.44 3.234842 2.44 0 P 0
L 3.214174 2.585414 3.235826 2.585414 0 P 0
L 3.221064 2.485 3.242716 2.485 0 P 0
L 3.224016 2.429174 3.224016 2.450826 0 P 0
L 3.225 2.574586 3.225 2.59624 0 P 0
L 3.23189 2.474174 3.23189 2.495826 0 P 0
L 3.256888 0.38563 3.256888 0.51949 1 P 0
L 3.256888 0.38563 3.339564 0.38563 1 P 0
L 3.256888 0.51949 3.339564 0.51949 1 P 0
L 3.261418 2.469252 3.261418 2.500748 1 P 0
L 3.265354 2.418346 3.265354 2.461654 1 P 0
L 3.266338 2.56376 3.266338 2.607068 1 P 0
L 3.27854 0.45256 3.31791 0.45256 0 P 0
L 3.298226 0.432876 3.298226 0.472246 0 P 0
L 3.339564 0.38563 3.339564 0.51949 1 P 0
L 3.343662 0.38563 3.343662 0.51949 1 P 0
L 3.343662 0.38563 3.42634 0.38563 1 P 0
L 3.343662 0.51949 3.42634 0.51949 1 P 0
L 3.348662 0.61565 3.348662 0.658956 1 P 0
L 3.348662 0.61565 3.431338 0.61565 1 P 0
L 3.348662 0.658956 3.431338 0.658956 1 P 0
L 3.354566 0.662904 3.354566 0.698336 1 P 0
L 3.354566 0.662904 3.425434 0.662904 1 P 0
L 3.354566 0.698336 3.425434 0.698336 1 P 0
L 3.354566 0.702284 3.354566 0.737716 1 P 0
L 3.354566 0.702284 3.425434 0.702284 1 P 0
L 3.354566 0.737716 3.425434 0.737716 1 P 0
L 3.365316 0.45256 3.404686 0.45256 0 P 0
L 3.37819 0.68062 3.401812 0.68062 0 P 0
L 3.379174 0.637302 3.400826 0.637302 0 P 0
L 3.379174 0.72 3.400826 0.72 0 P 0
L 3.385 0.432874 3.385 0.472246 0 P 0
L 3.39 0.626476 3.39 0.64813 0 P 0
L 3.39 0.668808 3.39 0.69243 0 P 0
L 3.39 0.709174 3.39 0.730826 0 P 0
L 3.425434 0.662904 3.425434 0.698336 1 P 0
L 3.425434 0.702284 3.425434 0.737716 1 P 0
L 3.42634 0.38563 3.42634 0.51949 1 P 0
L 3.431338 0.61565 3.431338 0.658956 1 P 0
L 3.506318 0.706294 3.506318 0.741726 1 P 0
L 3.506318 0.706294 3.577186 0.706294 1 P 0
L 3.506318 0.741726 3.577186 0.741726 1 P 0
L 3.530926 0.72401 3.552578 0.72401 0 P 0
L 3.541752 0.713184 3.541752 0.734836 0 P 0
L 3.549252 2.490472 3.549252 2.549528 1 P 0
L 3.549252 2.490472 3.580748 2.490472 1 P 0
L 3.549252 2.549528 3.580748 2.549528 1 P 0
L 3.554174 2.52 3.575826 2.52 0 P 0
L 3.565 2.509174 3.565 2.530826 0 P 0
L 3.577186 0.706294 3.577186 0.741726 1 P 0
L 3.580098 0.78006 3.580098 0.862736 1 P 0
L 3.580098 0.78006 3.623406 0.78006 1 P 0
L 3.580098 0.862736 3.623406 0.862736 1 P 0
L 3.580748 2.490472 3.580748 2.549528 1 P 0
L 3.588346 2.478662 3.588346 2.561338 1 P 0
L 3.588346 2.478662 3.631654 2.478662 1 P 0
L 3.588346 2.561338 3.631654 2.561338 1 P 0
L 3.590926 0.821398 3.612578 0.821398 0 P 0
L 3.599174 2.52 3.620826 2.52 0 P 0
L 3.601752 0.81057 3.601752 0.832224 0 P 0
L 3.61 2.509174 3.61 2.530826 0 P 0
L 3.623406 0.78006 3.623406 0.862736 1 P 0
L 3.631654 2.478662 3.631654 2.561338 1 P 0
L 3.641614 0.78006 3.641614 0.862736 1 P 0
L 3.641614 0.78006 3.684922 0.78006 1 P 0
L 3.641614 0.862736 3.684922 0.862736 1 P 0
L 3.65244 0.821398 3.674094 0.821398 0 P 0
L 3.663268 0.81057 3.663268 0.832224 0 P 0
L 3.684922 0.78006 3.684922 0.862736 1 P 0
L 3.70313 0.78006 3.70313 0.862736 1 P 0
L 3.70313 0.78006 3.746436 0.78006 1 P 0
L 3.70313 0.862736 3.746436 0.862736 1 P 0
L 3.713956 0.821398 3.73561 0.821398 0 P 0
L 3.724784 0.81057 3.724784 0.832224 0 P 0
L 3.746436 0.78006 3.746436 0.862736 1 P 0
L 3.767166 0.57504 3.767166 0.70496 1 P 0
L 3.767166 0.57504 3.912834 0.57504 1 P 0
L 3.767166 0.70496 3.912834 0.70496 1 P 0
L 3.820316 0.64 3.859686 0.64 0 P 0
L 3.829252 0.485708 3.829252 0.544764 1 P 0
L 3.829252 0.485708 3.860748 0.485708 1 P 0
L 3.829252 0.544764 3.860748 0.544764 1 P 0
L 3.83319 0.515236 3.856812 0.515236 0 P 0
L 3.84 0.620314 3.84 0.659686 0 P 0
L 3.845 0.503424 3.845 0.527046 0 P 0
L 3.860748 0.485708 3.860748 0.544764 1 P 0
L 3.869252 0.485708 3.869252 0.544764 1 P 0
L 3.869252 0.485708 3.900748 0.485708 1 P 0
L 3.869252 0.544764 3.900748 0.544764 1 P 0
L 3.87319 0.515236 3.896812 0.515236 0 P 0
L 3.885 0.503424 3.885 0.527046 0 P 0
L 3.900748 0.485708 3.900748 0.544764 1 P 0
L 3.905472 1.379252 3.905472 1.410748 1 P 0
L 3.905472 1.379252 3.964528 1.379252 1 P 0
L 3.905472 1.410748 3.964528 1.410748 1 P 0
L 3.905472 1.419252 3.905472 1.450748 1 P 0
L 3.905472 1.419252 3.964528 1.419252 1 P 0
L 3.905472 1.450748 3.964528 1.450748 1 P 0
L 3.905472 1.459252 3.905472 1.490748 1 P 0
L 3.905472 1.459252 3.964528 1.459252 1 P 0
L 3.905472 1.490748 3.964528 1.490748 1 P 0
L 3.912834 0.57504 3.912834 0.70496 1 P 0
L 3.924174 1.395 3.945826 1.395 0 P 0
L 3.924174 1.435 3.945826 1.435 0 P 0
L 3.924174 1.475 3.945826 1.475 0 P 0
L 3.935 1.384174 3.935 1.405826 0 P 0
L 3.935 1.424174 3.935 1.445826 0 P 0
L 3.935 1.464174 3.935 1.485826 0 P 0
L 3.964528 1.379252 3.964528 1.410748 1 P 0
L 3.964528 1.419252 3.964528 1.450748 1 P 0
L 3.964528 1.459252 3.964528 1.490748 1 P 0
