#Layer_Color=16711935
#
#Feature symbol names
#
$0 r3.937

#
#Feature attribute names
#

#
#Layer features
#
A 1.7489566 0.6771062 1.7568306 0.6692322 1.7568306 0.6771062 0 P 0 N
A 1.7564369 0.5503344 1.7682479 0.5385234 1.7682479 0.5503344 0 P 0 N
A 1.7568306 0.7086022 1.7489566 0.7007282 1.7568306 0.7007282 0 P 0 N
A 1.7584054 0.4046651 1.7741534 0.3889171 1.7741534 0.4046651 0 P 0 N
A 1.7647046 0.6692322 1.7725786 0.6771062 1.7647046 0.6771062 0 P 0 N
A 1.7682479 0.5739565 1.7564369 0.5621455 1.7682479 0.5621455 0 P 0 N
A 1.7725786 0.7007282 1.7647046 0.7086022 1.7647046 0.7007282 0 P 0 N
A 1.7761219 0.5385234 1.7879329 0.5503344 1.7761219 0.5503344 0 P 0 N
A 1.7820274 0.4755313 1.7584053 0.4519092 1.7820274 0.4519092 0 P 0 N
A 1.7879329 0.5621455 1.7761219 0.5739565 1.7761219 0.5621455 0 P 0 N
A 1.815492 0.388917 1.8391141 0.4125391 1.815492 0.4125391 0 P 0 N
A 1.8160825 0.7774999 1.8357676 0.7578148 1.8357676 0.7774999 0 P 0 N
A 1.8160826 0.7932479 1.7963975 0.812933 1.7963975 0.7932479 0 P 0 N
A 1.8267125 0.4987596 1.8345865 0.4908856 1.8345865 0.4987596 0 P 0 N
A 1.8345865 0.5223816 1.8267125 0.5145076 1.8345865 0.5145076 0 P 0 N
A 1.8391141 0.4519092 1.815492 0.4755313 1.815492 0.4519092 0 P 0 N
A 1.8503346 0.4908856 1.8582086 0.4987596 1.8503346 0.4987596 0 P 0 N
A 1.8582086 0.5145076 1.8503346 0.5223816 1.8503346 0.5145076 0 P 0 N
A 1.8700196 0.4908856 1.8778936 0.4830116 1.8778936 0.4908856 0 P 0 N
A 1.8778936 0.5145076 1.8700196 0.5066336 1.8778936 0.5066336 0 P 0 N
A 1.8936417 0.4830116 1.9015157 0.4908856 1.8936417 0.4908856 0 P 0 N
A 1.9015157 0.5066336 1.8936417 0.5145076 1.8936417 0.5066336 0 P 0 N
A 1.9133267 0.4987596 1.9212007 0.4908856 1.9212007 0.4987596 0 P 0 N
A 1.9212007 0.5223816 1.9133267 0.5145076 1.9212007 0.5145076 0 P 0 N
A 1.9280786 0.7578149 1.9320156 0.7538779 1.9320156 0.7578149 0 P 0 N
A 1.9320156 0.7538779 1.9359526 0.7578149 1.9320156 0.7578149 0 P 0 N
A 1.9369488 0.4908856 1.9448228 0.4987596 1.9369488 0.4987596 0 P 0 N
A 1.9448228 0.5145076 1.9369488 0.5223816 1.9369488 0.5145076 0 P 0 N
A 1.9566338 0.4987596 1.9645078 0.4908856 1.9645078 0.4987596 0 P 0 N
A 1.9645078 0.5322242 1.9566338 0.5243502 1.9645078 0.5243502 0 P 0 N
A 1.9802559 0.4908856 1.9881299 0.4987596 1.9802559 0.4987596 0 P 0 N
A 1.9881299 0.5243502 1.9802559 0.5322242 1.9802559 0.5243502 0 P 0 N
A 1.999941 0.4987596 2.007815 0.4908856 2.007815 0.4987596 0 P 0 N
A 2.007815 0.5223816 1.999941 0.5145076 2.007815 0.5145076 0 P 0 N
A 2.023563 0.4908856 2.031437 0.4987596 2.023563 0.4987596 0 P 0 N
A 2.031437 0.5145076 2.023563 0.5223816 2.023563 0.5145076 0 P 0 N
A 2.0343779 0.7578149 2.0383149 0.7538779 2.0383149 0.7578149 0 P 0 N
A 2.0383149 0.7538779 2.0422519 0.7578149 2.0383149 0.7578149 0 P 0 N
A 2.0432481 0.4987596 2.0511221 0.4908856 2.0511221 0.4987596 0 P 0 N
A 2.0511221 0.5322242 2.0432481 0.5243502 2.0511221 0.5243502 0 P 0 N
A 2.0668701 0.4908856 2.0747441 0.4987596 2.0668701 0.4987596 0 P 0 N
A 2.0747441 0.5243502 2.0668701 0.5322242 2.0668701 0.5243502 0 P 0 N
A 2.0865552 0.4987596 2.0944292 0.4908856 2.0944292 0.4987596 0 P 0 N
A 2.0944292 0.5223816 2.0865552 0.5145076 2.0944292 0.5145076 0 P 0 N
A 2.1101772 0.4908856 2.1180512 0.4987596 2.1101772 0.4987596 0 P 0 N
A 2.1180512 0.5145076 2.1101772 0.5223816 2.1101772 0.5145076 0 P 0 N
A 2.1298623 0.4987596 2.1377363 0.4908856 2.1377363 0.4987596 0 P 0 N
A 2.1373426 0.7578148 2.1570277 0.7774999 2.1373426 0.7774999 0 P 0 N
A 2.1377363 0.5223816 2.1298623 0.5145076 2.1377363 0.5145076 0 P 0 N
A 2.1391142 0.3767123 2.1351772 0.3727753 2.1391142 0.3727753 0 P 0 N
A 2.1517126 0.3649013 2.1399016 0.3767123 2.1399016 0.3649013 0 P 0 N
A 2.1534843 0.4908856 2.1613583 0.4987596 2.1534843 0.4987596 0 P 0 N
A 2.1613583 0.5145076 2.1534843 0.5223816 2.1534843 0.5145076 0 P 0 N
A 2.1688387 0.812933 2.1570277 0.801122 2.1688387 0.801122 0 P 0 N
A 2.1871458 0.3767123 2.1753348 0.3649013 2.1871458 0.3649013 0 P 0 N
L 0.402244 0.589094 0.402244 1.100906 0 P 0
L 0.402244 0.589094 1.307756 0.589094 0 P 0
L 0.402244 1.100906 1.307756 1.100906 0 P 0
L 0.852904 1.456102 0.852904 1.493898 0 P 0
L 0.852904 1.456102 0.921802 1.456102 0 P 0
L 0.852904 1.493898 0.921802 1.493898 0 P 0
L 0.921802 1.456102 0.921802 1.493898 0 P 0
L 0.930552 1.1713 0.930552 1.2087 0 P 0
L 0.930552 1.1713 0.999448 1.1713 0 P 0
L 0.930552 1.2087 0.999448 1.2087 0 P 0
L 0.994174 1.24433 0.994174 1.28567 0 P 0
L 0.994174 1.24433 1.015826 1.24433 0 P 0
L 0.994174 1.28567 1.015826 1.28567 0 P 0
L 0.999448 1.1713 0.999448 1.2087 0 P 0
L 0.999568 1.455316 0.999568 1.494686 0 P 0
L 0.999568 1.455316 1.070434 1.455316 0 P 0
L 0.999568 1.494686 1.070434 1.494686 0 P 0
L 1.01055 1.546102 1.01055 1.583898 0 P 0
L 1.01055 1.546102 1.079448 1.546102 0 P 0
L 1.01055 1.583898 1.079448 1.583898 0 P 0
L 1.015826 1.24433 1.015826 1.28567 0 P 0
L 1.070434 1.455316 1.070434 1.494686 0 P 0
L 1.079448 1.546102 1.079448 1.583898 0 P 0
L 1.149174 0.399016 1.149174 0.440354 0 P 0
L 1.149174 0.399016 1.170826 0.399016 0 P 0
L 1.149174 0.440354 1.170826 0.440354 0 P 0
L 1.170826 0.399016 1.170826 0.440354 0 P 0
L 1.307756 0.589094 1.307756 1.100906 0 P 0
L 1.314568 1.540316 1.314568 1.579686 0 P 0
L 1.314568 1.540316 1.385434 1.540316 0 P 0
L 1.314568 1.579686 1.385434 1.579686 0 P 0
L 1.385434 1.540316 1.385434 1.579686 0 P 0
L 1.40373 1.304566 1.40373 1.345906 0 P 0
L 1.40373 1.304566 1.425384 1.304566 0 P 0
L 1.40373 1.345906 1.425384 1.345906 0 P 0
L 1.425384 1.304566 1.425384 1.345906 0 P 0
L 1.439174 1.30433 1.439174 1.34567 0 P 0
L 1.439174 1.30433 1.460826 1.30433 0 P 0
L 1.439174 1.34567 1.460826 1.34567 0 P 0
L 1.460826 1.30433 1.460826 1.34567 0 P 0
L 1.485316 2.214566 1.485316 2.285434 0 P 0
L 1.485316 2.214566 1.524686 2.214566 0 P 0
L 1.485316 2.285434 1.524686 2.285434 0 P 0
L 1.524686 2.214566 1.524686 2.285434 0 P 0
L 1.54373 1.30433 1.54373 1.34567 0 P 0
L 1.54373 1.30433 1.565384 1.30433 0 P 0
L 1.54373 1.34567 1.565384 1.34567 0 P 0
L 1.565384 1.30433 1.565384 1.34567 0 P 0
L 1.579174 1.30433 1.579174 1.34567 0 P 0
L 1.579174 1.30433 1.600826 1.30433 0 P 0
L 1.579174 1.34567 1.600826 1.34567 0 P 0
L 1.57933 0.489174 1.57933 0.510826 0 P 0
L 1.57933 0.489174 1.62067 0.489174 0 P 0
L 1.57933 0.510826 1.62067 0.510826 0 P 0
L 1.57933 0.529174 1.57933 0.550826 0 P 0
L 1.57933 0.529174 1.62067 0.529174 0 P 0
L 1.57933 0.550826 1.62067 0.550826 0 P 0
L 1.600826 1.30433 1.600826 1.34567 0 P 0
L 1.62067 0.489174 1.62067 0.510826 0 P 0
L 1.62067 0.529174 1.62067 0.550826 0 P 0
L 1.66933 1.984174 1.66933 2.005826 0 P 0
L 1.66933 1.984174 1.71067 1.984174 0 P 0
L 1.66933 2.005826 1.71067 2.005826 0 P 0
L 1.66933 2.024174 1.66933 2.045826 0 P 0
L 1.66933 2.024174 1.71067 2.024174 0 P 0
L 1.66933 2.045826 1.71067 2.045826 0 P 0
L 1.66933 2.064174 1.66933 2.085826 0 P 0
L 1.66933 2.064174 1.71067 2.064174 0 P 0
L 1.66933 2.085826 1.71067 2.085826 0 P 0
L 1.66933 2.129174 1.66933 2.150826 0 P 0
L 1.66933 2.129174 1.71067 2.129174 0 P 0
L 1.66933 2.150826 1.71067 2.150826 0 P 0
L 1.66933 2.174174 1.66933 2.195826 0 P 0
L 1.66933 2.174174 1.71067 2.174174 0 P 0
L 1.66933 2.195826 1.71067 2.195826 0 P 0
L 1.66933 2.213554 1.66933 2.235206 0 P 0
L 1.66933 2.213554 1.71067 2.213554 0 P 0
L 1.66933 2.235206 1.71067 2.235206 0 P 0
L 1.71067 1.984174 1.71067 2.005826 0 P 0
L 1.71067 2.024174 1.71067 2.045826 0 P 0
L 1.71067 2.064174 1.71067 2.085826 0 P 0
L 1.71067 2.129174 1.71067 2.150826 0 P 0
L 1.71067 2.174174 1.71067 2.195826 0 P 0
L 1.71067 2.213554 1.71067 2.235206 0 P 0
L 1.729468 0.376712 1.729468 0.812934 0 P 0
L 1.729468 0.376712 1.73813 0.376712 0 P 0
L 1.729468 0.812934 1.73813 0.812934 0 P 0
L 1.734192 0.364114 1.734192 0.376712 0 P 0
L 1.734192 0.364114 1.741476 0.364114 0 P 0
L 1.73813 0.376712 1.741476 0.376712 0 P 0
L 1.73813 0.812934 1.796398 0.812934 0 P 0
L 1.741476 0.364114 1.741476 0.376712 0 P 0
L 1.741476 0.364114 1.851712 0.364114 0 P 0
L 1.746574 1.591506 1.746574 1.71749 0 P 0
L 1.746574 1.591506 1.943426 1.591506 0 P 0
L 1.746574 1.71749 1.943426 1.71749 0 P 0
L 1.748956 0.677106 1.748956 0.700728 0 P 0
L 1.753346 1.802746 1.753346 1.826368 0 P 0
L 1.753346 1.802746 1.796654 1.802746 0 P 0
L 1.753346 1.826368 1.796654 1.826368 0 P 0
L 1.753346 1.83819 1.753346 1.861812 0 P 0
L 1.753346 1.83819 1.796654 1.83819 0 P 0
L 1.753346 1.861812 1.796654 1.861812 0 P 0
L 1.756436 0.550334 1.756436 0.562146 0 P 0
L 1.75683 0.669232 1.764704 0.669232 0 P 0
L 1.75683 0.708602 1.764704 0.708602 0 P 0
L 1.758406 0.404666 1.758406 0.45191 0 P 0
L 1.768248 0.538524 1.776122 0.538524 0 P 0
L 1.768248 0.573956 1.776122 0.573956 0 P 0
L 1.772578 0.677106 1.772578 0.700728 0 P 0
L 1.774154 0.388918 1.815492 0.388918 0 P 0
L 1.782028 0.475532 1.815492 0.475532 0 P 0
L 1.787934 0.550334 1.787934 0.562146 0 P 0
L 1.793346 1.543188 1.793346 1.56681 0 P 0
L 1.793346 1.543188 1.836654 1.543188 0 P 0
L 1.793346 1.56681 1.836654 1.56681 0 P 0
L 1.793346 1.73819 1.793346 1.761812 0 P 0
L 1.793346 1.73819 1.836654 1.73819 0 P 0
L 1.793346 1.761812 1.836654 1.761812 0 P 0
L 1.796654 1.802746 1.796654 1.826368 0 P 0
L 1.796654 1.83819 1.796654 1.861812 0 P 0
L 1.816082 0.7775 1.816082 0.793248 0 P 0
L 1.81648 0.773562 1.835768 0.773562 0 P 0
L 1.826712 0.49876 1.826712 0.514508 0 P 0
L 1.834586 0.490886 1.850334 0.490886 0 P 0
L 1.834586 0.522382 1.850334 0.522382 0 P 0
L 1.835768 0.757814 1.928078 0.757814 0 P 0
L 1.835768 0.773562 1.835768 0.781944 0 P 0
L 1.835768 0.781944 1.835768 0.789484 0 P 0
L 1.835768 0.789484 1.835768 0.792952 0 P 0
L 1.835768 0.792952 1.835768 0.795968 0 P 0
L 1.835768 0.795968 1.835768 0.810964 0 P 0
L 1.835768 0.810964 1.849154 0.810964 0 P 0
L 1.836654 1.543188 1.836654 1.56681 0 P 0
L 1.836654 1.73819 1.836654 1.761812 0 P 0
L 1.839114 0.41254 1.839114 0.45191 0 P 0
L 1.849154 0.773562 1.849154 0.781944 0 P 0
L 1.849154 0.773562 1.879074 0.773562 0 P 0
L 1.849154 0.781944 1.849154 0.789484 0 P 0
L 1.849154 0.789484 1.849154 0.792952 0 P 0
L 1.849154 0.792952 1.849154 0.795968 0 P 0
L 1.849154 0.795968 1.849154 0.810964 0 P 0
L 1.851712 0.364114 1.851712 0.372776 0 P 0
L 1.851712 0.36506 1.852894 0.36506 0 P 0
L 1.852894 0.364114 1.852894 0.36506 0 P 0
L 1.852894 0.364114 2.135178 0.364114 0 P 0
L 1.858208 0.49876 1.858208 0.514508 0 P 0
L 1.87002 0.490886 1.87002 0.506634 0 P 0
L 1.87433 1.544174 1.87433 1.565826 0 P 0
L 1.87433 1.544174 1.91567 1.544174 0 P 0
L 1.87433 1.565826 1.91567 1.565826 0 P 0
L 1.87433 1.740138 1.87433 1.761792 0 P 0
L 1.87433 1.740138 1.91567 1.740138 0 P 0
L 1.87433 1.761792 1.91567 1.761792 0 P 0
L 1.877894 0.483012 1.893642 0.483012 0 P 0
L 1.877894 0.514508 1.893642 0.514508 0 P 0
L 1.879074 0.773562 1.879074 0.781944 0 P 0
L 1.879074 0.781944 1.879074 0.789484 0 P 0
L 1.879074 0.789484 1.879074 0.792952 0 P 0
L 1.879074 0.792952 1.879074 0.795968 0 P 0
L 1.879074 0.795968 1.879074 0.810964 0 P 0
L 1.879074 0.810964 1.89246 0.810964 0 P 0
L 1.89246 0.773562 1.89246 0.781944 0 P 0
L 1.89246 0.773562 1.922382 0.773562 0 P 0
L 1.89246 0.781944 1.89246 0.789484 0 P 0
L 1.89246 0.789484 1.89246 0.792952 0 P 0
L 1.89246 0.792952 1.89246 0.795968 0 P 0
L 1.89246 0.795968 1.89246 0.810964 0 P 0
L 1.901516 0.490886 1.901516 0.506634 0 P 0
L 1.907096 1.804174 1.907096 1.825826 0 P 0
L 1.907096 1.804174 1.948436 1.804174 0 P 0
L 1.907096 1.825826 1.948436 1.825826 0 P 0
L 1.907096 1.844174 1.907096 1.865826 0 P 0
L 1.907096 1.844174 1.948436 1.844174 0 P 0
L 1.907096 1.865826 1.948436 1.865826 0 P 0
L 1.913326 0.49876 1.913326 0.514508 0 P 0
L 1.91567 1.544174 1.91567 1.565826 0 P 0
L 1.91567 1.740138 1.91567 1.761792 0 P 0
L 1.9212 0.490886 1.936948 0.490886 0 P 0
L 1.9212 0.522382 1.936948 0.522382 0 P 0
L 1.922382 0.773562 1.922382 0.781944 0 P 0
L 1.922382 0.781944 1.922382 0.789484 0 P 0
L 1.922382 0.789484 1.922382 0.792952 0 P 0
L 1.922382 0.792952 1.922382 0.795968 0 P 0
L 1.922382 0.795968 1.922382 0.810964 0 P 0
L 1.922382 0.810964 1.935768 0.810964 0 P 0
L 1.935768 0.773562 1.935768 0.781944 0 P 0
L 1.935768 0.773562 1.96569 0.773562 0 P 0
L 1.935768 0.781944 1.935768 0.789484 0 P 0
L 1.935768 0.789484 1.935768 0.792952 0 P 0
L 1.935768 0.792952 1.935768 0.795968 0 P 0
L 1.935768 0.795968 1.935768 0.810964 0 P 0
L 1.935952 0.757814 2.034378 0.757814 0 P 0
L 1.943426 1.591506 1.943426 1.71749 0 P 0
L 1.944822 0.49876 1.944822 0.514508 0 P 0
L 1.948436 1.804174 1.948436 1.825826 0 P 0
L 1.948436 1.844174 1.948436 1.865826 0 P 0
L 1.956634 0.49876 1.956634 0.52435 0 P 0
L 1.964508 0.490886 1.980256 0.490886 0 P 0
L 1.964508 0.532224 1.980256 0.532224 0 P 0
L 1.96569 0.773562 1.96569 0.781944 0 P 0
L 1.96569 0.781944 1.96569 0.789484 0 P 0
L 1.96569 0.789484 1.96569 0.792952 0 P 0
L 1.96569 0.792952 1.96569 0.795968 0 P 0
L 1.96569 0.795968 1.96569 0.810964 0 P 0
L 1.96569 0.810964 1.979074 0.810964 0 P 0
L 1.979074 0.773562 1.979074 0.781944 0 P 0
L 1.979074 0.773562 2.008996 0.773562 0 P 0
L 1.979074 0.781944 1.979074 0.789484 0 P 0
L 1.979074 0.789484 1.979074 0.792952 0 P 0
L 1.979074 0.792952 1.979074 0.795968 0 P 0
L 1.979074 0.795968 1.979074 0.810964 0 P 0
L 1.98813 0.49876 1.98813 0.52435 0 P 0
L 1.99994 0.49876 1.99994 0.514508 0 P 0
L 2.007816 0.490886 2.023564 0.490886 0 P 0
L 2.007816 0.522382 2.023564 0.522382 0 P 0
L 2.008996 0.773562 2.008996 0.781944 0 P 0
L 2.008996 0.781944 2.008996 0.789484 0 P 0
L 2.008996 0.789484 2.008996 0.792952 0 P 0
L 2.008996 0.792952 2.008996 0.795968 0 P 0
L 2.008996 0.795968 2.008996 0.810964 0 P 0
L 2.008996 0.810964 2.022382 0.810964 0 P 0
L 2.022382 0.773562 2.022382 0.781944 0 P 0
L 2.022382 0.773562 2.052304 0.773562 0 P 0
L 2.022382 0.781944 2.022382 0.789484 0 P 0
L 2.022382 0.789484 2.022382 0.792952 0 P 0
L 2.022382 0.792952 2.022382 0.795968 0 P 0
L 2.022382 0.795968 2.022382 0.810964 0 P 0
L 2.031438 0.49876 2.031438 0.514508 0 P 0
L 2.042252 0.757814 2.137342 0.757814 0 P 0
L 2.043248 0.49876 2.043248 0.52435 0 P 0
L 2.051122 0.490886 2.06687 0.490886 0 P 0
L 2.051122 0.532224 2.06687 0.532224 0 P 0
L 2.052304 0.773562 2.052304 0.781944 0 P 0
L 2.052304 0.781944 2.052304 0.789484 0 P 0
L 2.052304 0.789484 2.052304 0.792952 0 P 0
L 2.052304 0.792952 2.052304 0.795968 0 P 0
L 2.052304 0.795968 2.052304 0.810964 0 P 0
L 2.052304 0.810964 2.06569 0.810964 0 P 0
L 2.06569 0.773562 2.06569 0.781944 0 P 0
L 2.06569 0.773562 2.09561 0.773562 0 P 0
L 2.06569 0.781944 2.06569 0.789484 0 P 0
L 2.06569 0.789484 2.06569 0.792952 0 P 0
L 2.06569 0.792952 2.06569 0.795968 0 P 0
L 2.06569 0.795968 2.06569 0.810964 0 P 0
L 2.074744 0.49876 2.074744 0.52435 0 P 0
L 2.086556 0.49876 2.086556 0.514508 0 P 0
L 2.09443 0.490886 2.110178 0.490886 0 P 0
L 2.09443 0.522382 2.110178 0.522382 0 P 0
L 2.09561 0.773562 2.09561 0.781944 0 P 0
L 2.09561 0.781944 2.09561 0.789484 0 P 0
L 2.09561 0.789484 2.09561 0.792952 0 P 0
L 2.09561 0.792952 2.09561 0.795968 0 P 0
L 2.09561 0.795968 2.09561 0.810964 0 P 0
L 2.09561 0.810964 2.108996 0.810964 0 P 0
L 2.108996 0.773562 2.108996 0.781944 0 P 0
L 2.108996 0.773562 2.138918 0.773562 0 P 0
L 2.108996 0.781944 2.108996 0.789484 0 P 0
L 2.108996 0.789484 2.108996 0.792952 0 P 0
L 2.108996 0.792952 2.108996 0.795968 0 P 0
L 2.108996 0.795968 2.108996 0.810964 0 P 0
L 2.118052 0.49876 2.118052 0.514508 0 P 0
L 2.12433 1.452902 2.12433 1.474556 0 P 0
L 2.12433 1.452902 2.16567 1.452902 0 P 0
L 2.12433 1.474556 2.16567 1.474556 0 P 0
L 2.129862 0.49876 2.129862 0.514508 0 P 0
L 2.135178 0.364114 2.135178 0.372776 0 P 0
L 2.135178 0.368838 2.151038 0.368838 0 P 0
L 2.137736 0.490886 2.153484 0.490886 0 P 0
L 2.137736 0.522382 2.153484 0.522382 0 P 0
L 2.138918 0.773562 2.138918 0.781944 0 P 0
L 2.138918 0.781944 2.138918 0.789484 0 P 0
L 2.138918 0.789484 2.138918 0.792952 0 P 0
L 2.138918 0.792952 2.138918 0.795968 0 P 0
L 2.138918 0.795968 2.138918 0.810964 0 P 0
L 2.138918 0.810964 2.152304 0.810964 0 P 0
L 2.139114 0.376712 2.139902 0.376712 0 P 0
L 2.151712 0.364114 2.151712 0.364902 0 P 0
L 2.151712 0.364114 2.175334 0.364114 0 P 0
L 2.152304 0.773562 2.152304 0.781944 0 P 0
L 2.152304 0.773562 2.15663 0.773562 0 P 0
L 2.152304 0.781944 2.152304 0.789484 0 P 0
L 2.152304 0.789484 2.152304 0.792952 0 P 0
L 2.152304 0.792952 2.152304 0.795968 0 P 0
L 2.152304 0.795968 2.152304 0.810964 0 P 0
L 2.157028 0.7775 2.157028 0.801122 0 P 0
L 2.161358 0.49876 2.161358 0.514508 0 P 0
L 2.16567 1.452902 2.16567 1.474556 0 P 0
L 2.168838 0.812934 2.19128 0.812934 0 P 0
L 2.175334 0.364114 2.175334 0.364902 0 P 0
L 2.175334 0.364114 2.195216 0.364114 0 P 0
L 2.187146 0.376712 2.19128 0.376712 0 P 0
L 2.19128 0.376712 2.199942 0.376712 0 P 0
L 2.19128 0.812934 2.199942 0.812934 0 P 0
L 2.195216 0.364114 2.195216 0.376712 0 P 0
L 2.199942 0.376712 2.199942 0.812934 0 P 0
L 2.249174 0.37433 2.249174 0.41567 0 P 0
L 2.249174 0.37433 2.270826 0.37433 0 P 0
L 2.249174 0.41567 2.270826 0.41567 0 P 0
L 2.270826 0.37433 2.270826 0.41567 0 P 0
L 2.289174 0.37433 2.289174 0.41567 0 P 0
L 2.289174 0.37433 2.310826 0.37433 0 P 0
L 2.289174 0.41567 2.310826 0.41567 0 P 0
L 2.310826 0.37433 2.310826 0.41567 0 P 0
L 2.329174 0.37433 2.329174 0.41567 0 P 0
L 2.329174 0.37433 2.350826 0.37433 0 P 0
L 2.329174 0.41567 2.350826 0.41567 0 P 0
L 2.350826 0.37433 2.350826 0.41567 0 P 0
L 2.369174 0.37433 2.369174 0.41567 0 P 0
L 2.369174 0.37433 2.390826 0.37433 0 P 0
L 2.369174 0.41567 2.390826 0.41567 0 P 0
L 2.390826 0.37433 2.390826 0.41567 0 P 0
L 2.409174 0.37433 2.409174 0.41567 0 P 0
L 2.409174 0.37433 2.430826 0.37433 0 P 0
L 2.409174 0.41567 2.430826 0.41567 0 P 0
L 2.430826 0.37433 2.430826 0.41567 0 P 0
L 2.541984 2.179568 2.541984 2.250434 0 P 0
L 2.541984 2.179568 2.581354 2.179568 0 P 0
L 2.541984 2.250434 2.581354 2.250434 0 P 0
L 2.581354 2.179568 2.581354 2.250434 0 P 0
L 2.597008 0.728346 2.597008 0.85433 0 P 0
L 2.597008 0.728346 2.722992 0.728346 0 P 0
L 2.597008 0.85433 2.722992 0.85433 0 P 0
L 2.615314 1.184568 2.615314 1.255434 0 P 0
L 2.615314 1.184568 2.654686 1.184568 0 P 0
L 2.615314 1.255434 2.654686 1.255434 0 P 0
L 2.654686 1.184568 2.654686 1.255434 0 P 0
L 2.722992 0.728346 2.722992 0.85433 0 P 0
L 2.762598 0.958504 2.762598 0.971496 0 P 0
L 2.762598 0.958504 2.787402 0.958504 0 P 0
L 2.762598 0.971496 2.787402 0.971496 0 P 0
L 2.787402 0.958504 2.787402 0.971496 0 P 0
L 2.796536 0.567284 2.796536 0.602716 0 P 0
L 2.796536 0.567284 2.863464 0.567284 0 P 0
L 2.796536 0.602716 2.863464 0.602716 0 P 0
L 2.80933 0.649174 2.80933 0.670826 0 P 0
L 2.80933 0.649174 2.85067 0.649174 0 P 0
L 2.80933 0.670826 2.85067 0.670826 0 P 0
L 2.816762 0.92933 2.816762 0.97067 0 P 0
L 2.816762 0.92933 2.838416 0.92933 0 P 0
L 2.816762 0.97067 2.838416 0.97067 0 P 0
L 2.82933 1.039174 2.82933 1.060826 0 P 0
L 2.82933 1.039174 2.87067 1.039174 0 P 0
L 2.82933 1.060826 2.87067 1.060826 0 P 0
L 2.838416 0.92933 2.838416 0.97067 0 P 0
L 2.85067 0.649174 2.85067 0.670826 0 P 0
L 2.854174 0.927392 2.854174 0.96873 0 P 0
L 2.854174 0.927392 2.875826 0.927392 0 P 0
L 2.854174 0.96873 2.875826 0.96873 0 P 0
L 2.863464 0.567284 2.863464 0.602716 0 P 0
L 2.87067 1.039174 2.87067 1.060826 0 P 0
L 2.875826 0.927392 2.875826 0.96873 0 P 0
L 2.944566 0.61373 2.944566 0.635384 0 P 0
L 2.944566 0.61373 2.985906 0.61373 0 P 0
L 2.944566 0.635384 2.985906 0.635384 0 P 0
L 2.944566 0.649174 2.944566 0.670826 0 P 0
L 2.944566 0.649174 2.985906 0.649174 0 P 0
L 2.944566 0.670826 2.985906 0.670826 0 P 0
L 2.954174 0.43933 2.954174 0.48067 0 P 0
L 2.954174 0.43933 2.975826 0.43933 0 P 0
L 2.954174 0.48067 2.975826 0.48067 0 P 0
L 2.971102 0.830552 2.971102 0.899448 0 P 0
L 2.971102 0.830552 3.008898 0.830552 0 P 0
L 2.971102 0.899448 3.008898 0.899448 0 P 0
L 2.975826 0.43933 2.975826 0.48067 0 P 0
L 2.985906 0.61373 2.985906 0.635384 0 P 0
L 2.985906 0.649174 2.985906 0.670826 0 P 0
L 2.989176 0.72933 2.989176 0.77067 0 P 0
L 2.989176 0.72933 3.010828 0.72933 0 P 0
L 2.989176 0.77067 3.010828 0.77067 0 P 0
L 3.008898 0.830552 3.008898 0.899448 0 P 0
L 3.010828 0.72933 3.010828 0.77067 0 P 0
L 3.024174 0.72933 3.024174 0.77067 0 P 0
L 3.024174 0.72933 3.045826 0.72933 0 P 0
L 3.024174 0.77067 3.045826 0.77067 0 P 0
L 3.045826 0.72933 3.045826 0.77067 0 P 0
L 3.071024 0.417128 3.071024 0.487994 0 P 0
L 3.071024 0.417128 3.110394 0.417128 0 P 0
L 3.071024 0.487994 3.110394 0.487994 0 P 0
L 3.097712 1.04433 3.097712 1.08567 0 P 0
L 3.097712 1.04433 3.119366 1.04433 0 P 0
L 3.097712 1.08567 3.119366 1.08567 0 P 0
L 3.110394 0.417128 3.110394 0.487994 0 P 0
L 3.119366 1.04433 3.119366 1.08567 0 P 0
L 3.203346 2.429174 3.203346 2.450826 0 P 0
L 3.203346 2.429174 3.244686 2.429174 0 P 0
L 3.203346 2.450826 3.244686 2.450826 0 P 0
L 3.20433 2.574586 3.20433 2.59624 0 P 0
L 3.20433 2.574586 3.24567 2.574586 0 P 0
L 3.20433 2.59624 3.24567 2.59624 0 P 0
L 3.21122 2.474174 3.21122 2.495826 0 P 0
L 3.21122 2.474174 3.25256 2.474174 0 P 0
L 3.21122 2.495826 3.25256 2.495826 0 P 0
L 3.244686 2.429174 3.244686 2.450826 0 P 0
L 3.24567 2.574586 3.24567 2.59624 0 P 0
L 3.25256 2.474174 3.25256 2.495826 0 P 0
L 3.27854 0.417128 3.27854 0.487994 0 P 0
L 3.27854 0.417128 3.31791 0.417128 0 P 0
L 3.27854 0.487994 3.31791 0.487994 0 P 0
L 3.31791 0.417128 3.31791 0.487994 0 P 0
L 3.365316 0.417126 3.365316 0.487994 0 P 0
L 3.365316 0.417126 3.404686 0.417126 0 P 0
L 3.365316 0.487994 3.404686 0.487994 0 P 0
L 3.368346 0.668808 3.368346 0.69243 0 P 0
L 3.368346 0.668808 3.411654 0.668808 0 P 0
L 3.368346 0.69243 3.411654 0.69243 0 P 0
L 3.36933 0.626476 3.36933 0.64813 0 P 0
L 3.36933 0.626476 3.41067 0.626476 0 P 0
L 3.36933 0.64813 3.41067 0.64813 0 P 0
L 3.36933 0.709174 3.36933 0.730826 0 P 0
L 3.36933 0.709174 3.41067 0.709174 0 P 0
L 3.36933 0.730826 3.41067 0.730826 0 P 0
L 3.404686 0.417126 3.404686 0.487994 0 P 0
L 3.41067 0.626476 3.41067 0.64813 0 P 0
L 3.41067 0.709174 3.41067 0.730826 0 P 0
L 3.411654 0.668808 3.411654 0.69243 0 P 0
L 3.521082 0.713184 3.521082 0.734836 0 P 0
L 3.521082 0.713184 3.562422 0.713184 0 P 0
L 3.521082 0.734836 3.562422 0.734836 0 P 0
L 3.554174 2.49933 3.554174 2.54067 0 P 0
L 3.554174 2.49933 3.575826 2.49933 0 P 0
L 3.554174 2.54067 3.575826 2.54067 0 P 0
L 3.562422 0.713184 3.562422 0.734836 0 P 0
L 3.575826 2.49933 3.575826 2.54067 0 P 0
L 3.590926 0.800728 3.590926 0.842066 0 P 0
L 3.590926 0.800728 3.612578 0.800728 0 P 0
L 3.590926 0.842066 3.612578 0.842066 0 P 0
L 3.599174 2.49933 3.599174 2.54067 0 P 0
L 3.599174 2.49933 3.620826 2.49933 0 P 0
L 3.599174 2.54067 3.620826 2.54067 0 P 0
L 3.612578 0.800728 3.612578 0.842066 0 P 0
L 3.620826 2.49933 3.620826 2.54067 0 P 0
L 3.65244 0.800728 3.65244 0.842066 0 P 0
L 3.65244 0.800728 3.674094 0.800728 0 P 0
L 3.65244 0.842066 3.674094 0.842066 0 P 0
L 3.674094 0.800728 3.674094 0.842066 0 P 0
L 3.713956 0.800728 3.713956 0.842066 0 P 0
L 3.713956 0.800728 3.73561 0.800728 0 P 0
L 3.713956 0.842066 3.73561 0.842066 0 P 0
L 3.73561 0.800728 3.73561 0.842066 0 P 0
L 3.805552 0.57996 3.805552 0.70004 0 P 0
L 3.805552 0.57996 3.874448 0.57996 0 P 0
L 3.805552 0.70004 3.874448 0.70004 0 P 0
L 3.83319 0.493582 3.83319 0.53689 0 P 0
L 3.83319 0.493582 3.856812 0.493582 0 P 0
L 3.83319 0.53689 3.856812 0.53689 0 P 0
L 3.856812 0.493582 3.856812 0.53689 0 P 0
L 3.87319 0.493582 3.87319 0.53689 0 P 0
L 3.87319 0.493582 3.896812 0.493582 0 P 0
L 3.87319 0.53689 3.896812 0.53689 0 P 0
L 3.874448 0.57996 3.874448 0.70004 0 P 0
L 3.896812 0.493582 3.896812 0.53689 0 P 0
L 3.91433 1.384174 3.91433 1.405826 0 P 0
L 3.91433 1.384174 3.95567 1.384174 0 P 0
L 3.91433 1.405826 3.95567 1.405826 0 P 0
L 3.91433 1.424174 3.91433 1.445826 0 P 0
L 3.91433 1.424174 3.95567 1.424174 0 P 0
L 3.91433 1.445826 3.95567 1.445826 0 P 0
L 3.91433 1.464174 3.91433 1.485826 0 P 0
L 3.91433 1.464174 3.95567 1.464174 0 P 0
L 3.91433 1.485826 3.95567 1.485826 0 P 0
L 3.95567 1.384174 3.95567 1.405826 0 P 0
L 3.95567 1.424174 3.95567 1.445826 0 P 0
L 3.95567 1.464174 3.95567 1.485826 0 P 0
