#Layer_Color=0
#
#Feature symbol names
#
$0 r3.937

#
#Feature attribute names
#

#
#Layer features
#
L 0.87685 1.554734 0.91622 1.554734 0 P 0
L 0.887126 2.07937 0.926496 2.07937 0 P 0
L 0.896534 1.53505 0.896534 1.57442 0 P 0
L 0.906812 2.059686 0.906812 2.099056 0 P 0
L 1.020316 1.365 1.059686 1.365 0 P 0
L 1.04 1.345316 1.04 1.384686 0 P 0
L 1.185316 1.594124 1.224686 1.594124 0 P 0
L 1.205 1.574438 1.205 1.613808 0 P 0
L 1.245316 1.355 1.284686 1.355 0 P 0
L 1.250316 1.445 1.289686 1.445 0 P 0
L 1.265 1.335316 1.265 1.374686 0 P 0
L 1.27 1.425316 1.27 1.464686 0 P 0
L 1.430088 1.445 1.469458 1.445 0 P 0
L 1.449774 1.425316 1.449774 1.464686 0 P 0
L 1.510316 2.395 1.549686 2.395 0 P 0
L 1.53 2.375316 1.53 2.414686 0 P 0
L 1.570316 1.445 1.609686 1.445 0 P 0
L 1.580314 0.45 1.619684 0.45 0 P 0
L 1.59 1.425316 1.59 1.464686 0 P 0
L 1.6 0.430316 1.6 0.469686 0 P 0
L 1.650316 2.38 1.689686 2.38 0 P 0
L 1.67 2.360316 1.67 2.399686 0 P 0
L 1.755316 2.38 1.794686 2.38 0 P 0
L 1.775 2.360316 1.775 2.399686 0 P 0
L 1.830316 1.835 1.869686 1.835 0 P 0
L 1.85 1.815316 1.85 1.854686 0 P 0
L 2.125316 1.262144 2.164686 1.262144 0 P 0
L 2.125316 1.32143 2.164686 1.32143 0 P 0
L 2.125316 1.398596 2.164686 1.398596 0 P 0
L 2.125316 1.511204 2.164686 1.511204 0 P 0
L 2.125316 1.57049 2.164686 1.57049 0 P 0
L 2.125316 1.63 2.164686 1.63 0 P 0
L 2.125316 1.75 2.164686 1.75 0 P 0
L 2.145 1.242458 2.145 1.281828 0 P 0
L 2.145 1.301744 2.145 1.341114 0 P 0
L 2.145 1.378912 2.145 1.418282 0 P 0
L 2.145 1.49152 2.145 1.53089 0 P 0
L 2.145 1.550806 2.145 1.590176 0 P 0
L 2.145 1.610316 2.145 1.649686 0 P 0
L 2.145 1.730316 2.145 1.769686 0 P 0
L 2.415316 2.215 2.454686 2.215 0 P 0
L 2.430314 1.22 2.469684 1.22 0 P 0
L 2.435 2.195316 2.435 2.234686 0 P 0
L 2.45 1.200314 2.45 1.239684 0 P 0
L 2.470886 2.215 2.510256 2.215 0 P 0
L 2.49057 2.195316 2.49057 2.234686 0 P 0
L 2.644382 1.7 2.683752 1.7 0 P 0
L 2.664066 1.719686 2.664068 1.680316 0 P 0
L 2.789138 1.22 2.828508 1.22 0 P 0
L 2.808824 1.200316 2.808824 1.239686 0 P 0
L 2.820316 0.79 2.859686 0.79 0 P 0
L 2.84 0.770316 2.84 0.809686 0 P 0
L 2.855316 1.22 2.894686 1.22 0 P 0
L 2.875 1.200316 2.875 1.239686 0 P 0
L 2.900316 1.0313 2.939686 1.0313 0 P 0
L 2.915316 1.22 2.954686 1.22 0 P 0
L 2.92 1.011614 2.92 1.050984 0 P 0
L 2.935 1.200316 2.935 1.239686 0 P 0
L 2.960316 1.0313 2.999686 1.0313 0 P 0
L 2.98 1.011614 2.98 1.050984 0 P 0
L 3.020316 1.0313 3.059686 1.0313 0 P 0
L 3.025316 0.457418 3.064686 0.457418 0 P 0
L 3.04 1.011614 3.04 1.050984 0 P 0
L 3.045 0.437734 3.045 0.477104 0 P 0
L 3.107624 0.457418 3.146994 0.457418 0 P 0
L 3.127308 0.437734 3.127308 0.477104 0 P 0
L 3.145316 1.833824 3.184686 1.833824 0 P 0
L 3.145316 1.9 3.184686 1.9 0 P 0
L 3.145316 1.96 3.184686 1.96 0 P 0
L 3.165 1.814138 3.165 1.853508 0 P 0
L 3.165 1.880316 3.165 1.919686 0 P 0
L 3.165 1.940316 3.165 1.979686 0 P 0
L 3.189932 0.457418 3.229302 0.457418 0 P 0
L 3.200316 1.065 3.239686 1.065 0 P 0
L 3.205316 2.532254 3.244686 2.532254 0 P 0
L 3.209616 0.437734 3.209616 0.477104 0 P 0
L 3.22 1.045316 3.22 1.084686 0 P 0
L 3.225 2.512568 3.225 2.551938 0 P 0
L 3.27015 0.47305 3.30952 0.47305 0 P 0
L 3.289834 0.453364 3.289834 0.492734 0 P 0
L 3.335316 1.055 3.374686 1.055 0 P 0
L 3.355 1.035316 3.355 1.074686 0 P 0
L 3.555316 0.4 3.594686 0.4 0 P 0
L 3.575 0.380316 3.575 0.419686 0 P 0
L 3.655316 2.195 3.694686 2.195 0 P 0
L 3.675 2.175316 3.675 2.214686 0 P 0
L 3.685316 0.69 3.724686 0.69 0 P 0
L 3.700316 2.525 3.739686 2.525 0 P 0
L 3.705 0.670316 3.705 0.709686 0 P 0
L 3.72 2.505316 3.72 2.544686 0 P 0
L 3.755316 1.89 3.794686 1.89 0 P 0
L 3.775 1.870316 3.775 1.909686 0 P 0
L 3.780316 0.82 3.819686 0.82 0 P 0
L 3.8 0.800316 3.8 0.839686 0 P 0
L 4.033938 1.447284 4.073308 1.447284 0 P 0
L 4.053622 1.427598 4.053622 1.466968 0 P 0
