#Layer_Color=16711935
#
#Feature symbol names
#
$0 r3.937
$1 r7.874
$2 rect248.032x708.662

#
#Feature attribute names
#

#
#Layer features
#
L 0.384922 0.470158 0.384922 2.489842 1 P 0
L 0.384922 0.470158 0.387016 0.44623 1 P 0
L 0.384922 2.489842 0.390434 2.528426 1 P 0
L 0.387016 0.44623 0.393232 0.423028 1 P 0
L 0.390434 2.528426 0.401092 2.517198 1 P 0
L 0.393232 0.423028 0.403384 0.40126 1 P 0
L 0.401092 2.517198 0.414046 2.50872 1 P 0
L 0.403384 0.40126 0.41716 0.381584 1 P 0
L 0.414046 2.50872 0.4286 2.503444 1 P 0
L 0.41716 0.381584 0.434144 0.3646 1 P 0
L 0.4286 2.503444 0.443978 2.501654 1 P 0
L 0.434144 0.3646 0.45382 0.350824 1 P 0
L 0.443978 2.501654 0.45781 2.503098 1 P 0
L 0.45382 0.350824 0.475588 0.340672 1 P 0
L 0.45781 2.503098 0.471044 2.507372 1 P 0
L 0.471044 2.507372 0.483112 2.514288 1 P 0
L 0.475588 0.340672 0.49879 0.334456 1 P 0
L 0.483112 2.514288 0.493488 2.523548 1 P 0
L 0.484134 2.622126 0.494334 2.61267 1 P 0
L 0.484134 2.622126 0.522718 2.627638 1 P 0
L 0.493488 2.523548 0.501726 2.534752 1 P 0
L 0.494334 2.61267 0.502358 2.601312 1 P 0
L 0.49879 0.334456 0.522718 0.332362 1 P 0
L 0.501726 2.534752 0.507472 2.547418 1 P 0
L 0.502358 2.601312 0.507862 2.588538 1 P 0
L 0.507472 2.547418 0.510476 2.560998 1 P 0
L 0.507862 2.588538 0.510608 2.574904 1 P 0
L 0.510476 2.560998 0.510608 2.574904 1 P 0
L 0.522718 0.332362 3.987284 0.332362 1 P 0
L 0.522718 2.627638 3.987284 2.627638 1 P 0
L 2.583228 0.776338 2.583228 0.806338 0 P 0
L 2.583228 0.776338 2.736772 0.776338 0 P 0
L 2.583228 0.806338 2.736772 0.806338 0 P 0
L 2.736772 0.776338 2.736772 0.806338 0 P 0
L 3.987284 0.332362 4.011212 0.334456 1 P 0
L 3.987284 2.627638 4.01174 2.62545 1 P 0
L 4.011212 0.334456 4.034412 0.340672 1 P 0
L 4.01174 2.62545 4.03542 2.618956 1 P 0
L 4.034412 0.340672 4.056182 0.350824 1 P 0
L 4.03542 2.618956 4.057572 2.608364 1 P 0
L 4.056182 0.350824 4.075858 0.3646 1 P 0
L 4.057572 2.608364 4.077492 2.594006 1 P 0
L 4.075858 0.3646 4.092842 0.381584 1 P 0
L 4.077492 2.594006 4.094548 2.576342 1 P 0
L 4.092842 0.381584 4.106618 0.40126 1 P 0
L 4.094548 2.576342 4.108196 2.55593 1 P 0
L 4.106618 0.40126 4.11677 0.423028 1 P 0
L 4.108196 2.55593 4.118008 2.533422 1 P 0
L 4.11677 0.423028 4.122986 0.44623 1 P 0
L 4.118008 2.533422 4.123666 2.509528 1 P 0
L 4.122986 0.44623 4.12508 0.470158 1 P 0
L 4.123666 2.509528 4.12508 2.509528 1 P 0
L 4.12508 0.470158 4.12508 2.509528 1 P 0
P 0.5288596 2.07937 2 P 0 0
P 0.5288596 2.07937 2 P 0 0
